Dev_log2_enrichment	Hk_log2_enrichment
-2.560714958	0.941785386
-0.536052901	0.4639471
1.244484009	1.680583124
3.736965594	3.084888898
0.501749133	0.961180751
-0.758445321	0.978520273
2.584962501	5.247927513
1.371968777	0.49749966
-0.389566811	0.288505094
0.240539768	1.825502269
0.183711953	-0.754887501
-1.116863757	-0.531901258
-0.378511624	0.7589919
-1.140778657	-0.655351828
1.919829651	3.019365325
1.352301744	2.674229839
1.96437609	3.134301092
4.736965594	6.058893689
3.974004791	4.215012891
4.480625841	3.802553936
1.196397213	-0.678071905
-0.214124805	-0.9510904
3.932885804	5.212993723
0.260151897	1.638663521
0.884522782	2.884522783
0.557358039	-0.094718658
3.367731785	2.952694285
3.885064233	2.112474729
0.201834249	0.616871749
3.132103536	3.886991038
-0.981852653	0.11768302
1.294447359	-0.40599236
0.0	1.0
-0.479690458	0.742701964
-1.424922087	-0.287418564
-1.56275122	-2.562751224
-0.137503524	1.8259706
2.800159421	-0.329123597
-1.91965789	-0.504620392
4.561115759	5.345387068
1.064540252	0.064540252
3.36257008	4.440572591
-0.056005409	1.680960185
-0.782789776	-1.072296393
0.950905451	0.709897351
-1.066089191	-1.481126691
-0.753360032	-0.975752455
3.222392421	2.0
2.374395515	1.736965594
-0.232660756	-0.817623256
2.736965594	4.321928095
4.504792152	2.919829651
2.074000582	3.796466606
-0.738767838	-0.416839743
1.304006187	0.567040592
-0.032421477	-0.491853097
1.183514066	1.405906487
4.084888898	5.921390165
1.732164608	1.042504728
-1.100977648	0.036525877
3.674229839	3.226770862
2.952694285	0.952694285
0.527512228	-0.150559676
2.226770862	2.854802084
1.120294233	2.498805857
2.176877762	2.476438044
3.404390255	2.234465254
3.106915204	1.299560282
0.104697378	0.590124206
1.459807369	-0.803227035
2.798366139	3.798366139
3.640104055	3.303069068
5.196397213	4.906890596
-2.046141779	-0.046141782
3.051838932	4.719263592
2.893084796	1.192645078
-0.476813697	0.938223803
1.01449957	2.599462071
0.921048658	1.380480277
3.530514717	3.0
0.89566334	1.480625841
-0.011972642	1.403064858
0.4639471	1.200912694
2.771731012	4.134301092
-0.807354923	0.870716983
2.089267338	1.837728571
2.123148231	4.021268617
-0.19592021	0.152003093
-1.078951342	0.380480277
0.164581159	0.252044001
2.358453971	3.943416471
3.4150375	2.222392421
1.717066037	1.454031631
-0.35614381	0.321928095
-0.08282643	-0.95729555
-2.608809245	-1.871843647
0.639118271	-0.286881148
1.203533394	0.415037499
3.084888898	3.277533976
-0.488286482	-0.073248981
0.106637789	-0.755858687
-2.221103724	-1.221103724
0.447458977	1.447458977
4.514573173	4.099535673
-0.13093087	0.354495958
1.836501268	1.099535674
2.269839584	2.089267338
2.084888897	1.59946207
2.847996907	3.678071905
-1.554588851	-0.38466385
1.647328381	0.268816758
3.184424571	1.125530882
2.480625841	3.011140558
0.929610672	1.007613184
2.177538186	1.251538767
0.234465253	0.556393348
2.428843299	1.621488377
0.549338591	-1.450661407
1.736965594	2.321928095
0.596103058	-0.296981738
-0.179056013	0.013589064
0.632628934	0.743660247
3.198545679	2.391190757
-1.451540833	-2.188506426
2.493040011	2.768674454
0.725738339	0.533093261
-0.147115118	-0.064652958
0.976153258	3.298081353
2.0	3.736965594
2.862496476	3.562936195
2.793549122	1.263034406
-0.336283388	-0.014355293
0.552541023	1.616671361
-0.576925183	-0.161887682
2.099535674	2.684498174
0.200912693	1.0489096
2.0085115	1.09097366
-0.084064265	-1.084064265
0.391190758	-0.193771743
-0.476813697	0.938223803
0.567040592	1.374395515
0.487092437	1.034580232
1.590609064	1.800062429
1.106915204	1.469485283
-0.452858965	-0.867896465
5.736965594	3.736965594
2.765534746	1.263034406
0.716306123	1.015866406
1.700831808	0.984624774
0.055141554	0.170618772
3.224317298	2.66792395
0.419854515	-0.580145485
2.347923303	2.125530882
0.509429869	-1.490570131
-0.402964667	-1.98792717
1.480625841	2.703018262
-0.963474123	0.621488376
1.942549728	0.849440324
3.584962501	4.502500341
-2.477353526	-1.017921909
2.152003093	1.567040593
0.723367991	1.473389738
1.321928095	1.684498174
3.206450878	2.036525876
-1.114367026	-0.266370118
0.352301744	-0.232660756
2.514573173	2.684498174
-1.415681416	-1.223036339
1.984058456	1.13606155
3.4639471	4.4639471
2.530514717	2.736965594
5.321928095	3.556393348
0.80407979	0.666576266
-0.50589093	1.342105977
1.69743723	3.504792152
3.934904972	3.693896872
0.900464327	1.900464326
-1.933887327	-1.348924826
4.710493383	4.932885804
0.152003093	0.473931188
1.128156352	-0.193771743
1.202987022	0.202987023
3.181997834	3.012072832
0.89566334	0.632628934
0.274174964	0.381090167
-0.260025656	-1.996991248
1.929610672	2.929610672
0.526068812	0.263034406
6.25506279	6.340753179
2.383328639	2.798366139
0.483984853	1.409984271
3.538419915	3.797507136
3.792999629	-0.014355293
2.271302022	2.4639471
3.561115759	4.478653599
-0.432959407	0.415037499
1.609210047	0.609210047
1.304006187	2.789433014
0.152003093	1.567040593
2.96437609	3.134301092
1.095248315	0.510285814
-1.882643048	-0.88264305
1.263034406	2.0
1.621488377	2.736965594
-0.529253068	-1.403722186
-2.068240858	0.575615329
0.415037499	0.830074999
0.329461768	-0.670538233
-0.614709845	0.844721774
-2.10265813	-2.83962373
0.877143252	0.292180752
-1.684818736	-2.421784335
0.200912693	2.236536604
-0.386416822	0.613583179
0.175086706	-0.31034012
0.091361743	0.953858218
1.024247546	2.024247546
-0.805636406	-1.805636406
-0.867896465	-1.867896463
0.302734529	0.495379608
-1.151487752	-0.499411057
3.292180751	1.877143252
0.415037499	0.093109405
2.134301092	0.771731012
0.138706271	1.55374377
0.260151897	-0.839383775
-1.528571317	-0.680574413
0.205720953	-1.457244059
-0.478971806	1.768955708
0.489038081	-0.095924419
1.883514257	2.652901329
6.684498175	6.836501268
-0.065473838	-0.87282876
3.074000582	2.337034987
2.258918297	0.77349147
4.145050333	2.013805799
2.628905848	2.891940254
1.631612594	1.979535898
5.959358015	5.906890596
0.286932674	-0.520422249
1.454031631	1.006572654
1.552541023	0.415037499
0.13606155	0.984058456
2.152003093	3.04508789
2.321928095	3.473931188
2.785875195	2.126912112
-0.92599942	-0.510961919
-0.681288617	0.211796178
2.441509711	1.304006187
4.277533975	4.525461489
-0.321928095	-1.0
2.321928095	-0.093109404
2.621488377	3.621488377
-0.556633777	-1.14159628
5.163863249	4.500898236
-1.736965594	0.678071905
1.965442778	2.380480277
2.341380458	1.621488377
-0.205114429	-0.790076931
0.415037499	0.678071905
0.504304837	0.989731665
-1.865423976	0.041466618
0.2544041	-1.652486496
1.118055762	2.217591435
2.01449957	1.393011193
5.068171503	4.689659879
0.099535673	-0.900464326
-0.751320887	-0.014355293
3.282399731	3.019365325
0.152003093	-0.263034406
5.21605946	4.308253158
0.663716612	-0.336283388
2.041820176	3.293358943
-1.03562391	0.771731012
2.299560282	0.884522782
3.658963082	2.658963082
1.025995208	1.610957709
4.808456636	5.266886731
4.669851398	3.184424571
0.952694285	1.590124206
2.684498174	1.836501268
2.836501268	2.321928095
2.120294234	2.96829114
3.019365325	1.919829651
1.906890596	3.491853096
-1.944858444	-1.622930349
3.652076696	4.836501268
2.074000582	2.395928676
-0.237767647	0.592307351
1.439285046	1.346175641
1.549338591	1.771731012
0.973199941	1.558162441
2.480625841	2.89566334
3.0489096	3.736965594
-0.940166752	-1.618238656
0.603109848	1.603109848
-0.357010554	-0.735522176
4.206450877	4.428843299
3.447458977	3.216133431
0.757143476	1.172180976
-1.173926933	-1.851998838
0.112474729	1.112474729
0.358453971	1.206450878
4.071384633	4.461331152
2.652901329	1.009045139
0.470746932	1.055709432
0.367731785	-0.047305715
1.825502269	2.718587065
-0.832890014	0.337034988
-0.301169535	0.798366139
1.658963082	1.337034987
3.79683705	2.346175641
1.736965594	1.584962501
3.948469699	3.658963082
2.234465254	2.167351058
2.415037499	1.830074999
0.567040592	2.304006187
1.404390255	1.041820175
-1.175923741	-1.853995647
2.443234391	1.576500922
-0.504620392	0.080342108
2.389946518	4.35147237
0.19854568	1.78350818
0.491340867	-0.646162657
1.425763906	3.233118828
-2.223036336	-1.638073835
3.467778962	3.352301744
-1.942514503	-1.357552006
-0.092084399	0.618408984
-0.744161096	-0.159198595
2.395928676	3.243925583
-1.906890594	-1.491853095
-1.204245076	0.210792425
2.664209252	2.05415577
0.754243586	-1.468148836
2.890878278	2.170986197
2.935869663	2.061400544
-1.258016331	-0.258016331
3.658963082	3.881355504
4.129283017	5.409390936
-0.647698257	-1.647698257
3.367731785	3.426625473
3.807354922	3.0
3.0	2.678071905
6.611434712	5.852442812
1.594007641	0.915935735
1.342887714	1.101879614
1.986943847	2.69743723
-2.416164165	-2.831201669
3.277533976	3.736965594
2.225066556	1.055141554
-1.336283388	-1.014355293
2.919829651	5.470026734
-0.419538892	-0.097610797
0.900464327	1.793549123
3.041820176	2.819427754
-0.939853429	0.011236972
-3.191141489	-1.968749064
5.321928095	6.421463768
-0.683696455	-0.098733954
4.409390936	4.22881869
-0.193771743	1.128156352
-0.5849625	-0.169925001
1.074000582	2.948469699
1.184424571	1.447458977
0.792107149	-0.792855353
3.188661564	2.041820176
-0.210566986	-0.432959407
2.321928095	2.906890596
-1.160274832	-0.897240425
-1.711494909	-2.881419911
2.874469118	2.415037499
-0.286881148	1.639118271
3.036525876	2.036525876
2.805912948	2.068947354
2.650992371	2.403064858
0.312939312	-0.424026282
-0.836821832	-1.19939191
1.874469118	0.0
2.234465254	1.819427754
2.074000582	1.658963082
-0.876341531	-1.098733954
-0.765534747	0.234465253
1.849440324	2.227951947
1.358453971	0.621488376
-0.331514143	2.253448357
0.209227962	0.472262368
2.231074665	2.287658193
0.678071905	1.093109404
-0.314696525	-0.729734026
0.112474729	1.812914448
1.798366139	2.213403638
3.13606155	3.399095955
-0.827819024	0.172180975
2.736965594	1.234465253
1.26960706	0.132103536
3.38332864	3.96829114
-0.48327836	-1.260885941
-1.47573343	-1.890770932
0.361098692	0.875671865
2.929610672	3.389042291
-1.572889667	-0.572889667
0.185169957	-1.689299162
0.929610672	2.514573173
-1.067523994	0.6694416
-0.201633862	0.383328639
0.781735465	-0.803227035
0.678071905	0.263034406
1.862496476	2.447458977
1.635427568	2.44278249
1.099535674	2.321928095
4.129283017	3.64385619
0.636361653	-0.100603941
1.977973694	2.921390165
1.306977753	1.891940254
0.288505094	0.610433188
-0.930737337	-0.608809242
-0.934411658	-2.104336657
1.152003093	2.473931188
1.160936218	1.575973718
0.304006187	1.789433014
1.192645078	-0.070389328
2.395928676	1.980891177
0.352301744	0.767339244
0.540568382	-1.044394119
-1.521768676	-0.007195501
-0.087462841	0.719892081
2.099535674	1.684498174
5.573466862	5.251538767
-0.862238829	-0.49966875
3.0	4.415037499
3.0	5.321928095
0.43263156	1.221127454
0.112474729	1.28239973
4.152003094	3.152003093
0.678071905	0.508146903
-0.757023247	1.168976172
2.170986197	2.941504351
1.567040593	1.888968688
-0.286881148	0.298081353
4.684498174	4.099535673
0.843880798	0.621488376
-1.169925003	-0.5849625
2.036525876	2.843880798
0.046650094	-0.605426604
-0.177917791	0.407044709
-1.947977786	-0.947977789
-0.164571766	-1.164571768
-1.180572244	-0.443606651
-1.489714186	-1.074676687
1.722015253	1.306977753
1.531851164	2.531851164
3.871266686	2.96437609
0.68965988	-0.047305715
2.40841962	1.798366139
1.546634382	1.75308526
0.665304609	-0.919657892
1.344648172	0.929610672
2.246639968	2.609210047
-0.492280498	-1.814208591
1.862496476	2.0
0.427110331	1.234465253
1.862496476	1.377069649
0.724992953	2.309955453
-1.864598876	-1.449561375
-0.765534747	-0.350497248
0.912537159	0.49749966
0.209227962	2.209227962
4.0	3.584962501
3.68391936	3.778041537
0.401981346	0.264477822
-0.385431038	0.784493964
-1.263034405	-1.022026308
-1.070389328	-1.485426828
0.112474729	0.74990465
1.759685671	1.567040593
2.819427754	3.819427754
0.312939312	0.991011217
5.71952046	5.916109126
0.637429921	1.637429921
1.816933899	1.188902676
5.824428436	4.736965594
1.0	0.0
-0.568032105	-1.568032105
-1.025028796	0.238005611
1.549338591	1.701341684
-1.007195501	-0.159198595
1.810029056	2.009337865
-1.461070112	-1.291145112
-1.31158615	-1.533978572
-0.089674998	-0.912797237
0.530936619	0.090364027
-2.564784615	-1.342392198
-1.258734268	-1.066089191
2.439285046	1.439285046
1.726077278	0.85160816
0.684498174	1.421463769
3.528378973	2.621488377
2.152003093	1.415037499
1.514573173	2.280107919
1.545824107	0.808858513
2.529370175	1.722015253
0.871895174	0.649502753
-0.223863809	-0.44625623
1.736965594	2.058893689
-1.453457718	-1.212449617
0.427110331	1.675037845
0.473931188	0.152003093
3.120294234	3.498805857
0.260151897	0.523186304
-1.185866544	0.13606155
3.321928095	2.058893689
-1.840463232	-1.255500732
1.692571475	2.599462071
0.33893452	-0.66106548
-1.03562391	-0.450661409
0.68965988	1.367731784
3.937264245	3.136573053
-1.893084797	-2.378511626
2.130308022	0.478231326
1.297543936	-0.576925183
2.299560282	2.7589919
-0.201633862	0.120294234
2.168122759	3.168122759
1.819427754	1.934904972
0.567040592	0.152003093
-1.575917363	0.672010153
2.599462071	1.862496476
0.76121314	0.439285045
5.569855608	4.22881869
1.607682577	0.929610672
2.7589919	3.299560282
-0.374542722	-0.181897643
-0.280956315	-1.017921909
1.979535898	2.342105977
-2.203201156	-1.717774331
-1.992969799	-2.577932303
-0.919657892	1.817307703
1.234465253	3.693896872
-0.350497248	-0.765534747
2.871266686	3.60823228
-0.011972642	1.572989859
1.514573173	2.321928095
-0.711494906	-0.126532406
-0.805636406	-1.583243982
-1.557655155	-0.387730154
4.321928095	4.88582898
-1.521050736	-0.842978832
2.0	2.874469118
0.657238402	-0.480265122
3.235954872	3.130985312
1.425763906	0.577766999
3.35147237	3.633872101
-2.930737337	-2.608809245
-1.635173945	-1.465248946
3.041820176	1.556393349
-0.078294526	-0.319302625
0.879857637	-0.783107377
4.032421477	4.669851398
-0.240314329	1.460125389
-0.897240425	-0.57531233
0.013175389	0.254183488
2.058893689	2.544320516
1.339206086	1.116813665
0.177733368	1.927755115
6.241309635	6.102146887
4.146078259	4.520473774
1.260151897	2.186151316
0.504304837	1.767339243
6.169925001	4.584962501
-1.003602237	-0.15560533
3.825604294	0.429251358
3.366322214	3.491853096
5.404390255	4.626782676
-1.542258052	-0.319865629
-0.678071905	-1.678071905
2.041820176	2.404390255
2.404390255	2.141355849
2.621488377	3.258918297
4.798366139	5.442222329
0.627666952	0.45774195
2.192645078	0.777607578
2.198545679	0.976153258
2.273565073	0.399095956
-1.776103988	-1.361066488
4.662965013	3.222392421
3.099535673	3.684498175
2.018147347	1.603109848
2.781359714	1.906890596
-1.614709845	-2.199672344
0.386468347	0.871895174
-0.070389328	1.63005039
3.244851872	3.172702086
1.610433188	-0.126532406
0.919829651	-0.080170349
2.544320516	2.058893689
-0.242856523	0.172180975
0.239779053	0.409704055
0.531851165	1.268816758
0.627666952	0.45774195
0.982078092	1.304006187
1.603109848	3.105610188
2.746243408	2.505235308
-0.257559276	-0.909635971
1.09696173	2.09696173
6.321928095	5.239465935
0.068587086	-0.416839743
0.041820176	0.404390255
3.243925583	3.074000582
0.246639968	-0.975752455
4.473931188	2.736965594
1.112474729	0.69743723
4.502500341	5.058893689
1.572989859	0.403064858
3.852442811	4.399930607
-0.041730565	0.078563669
0.777607578	3.099535673
0.736965594	-1.0
1.638231641	-0.683696455
2.358453971	3.791413379
1.172180976	1.757143476
0.678071905	0.765534746
3.234465254	2.819427754
-1.217230716	1.005161705
-0.731545319	0.075809603
0.567040592	1.344648172
-0.256339754	-0.10433666
-0.578536232	-1.315501827
2.490527699	2.988027358
0.814133454	1.984058456
1.779837401	2.570384036
3.466318004	0.658963082
1.074000582	0.489038081
0.229170954	0.551099049
0.399095956	2.13606155
0.868470377	-0.005998741
0.573735245	0.89566334
3.584962501	3.0
1.596103058	1.217591435
5.6794801	5.670656249
3.763932642	1.915935735
2.376563351	2.690671942
-0.341036918	1.395928676
2.321928095	3.0
2.940498988	2.692571475
0.277533975	1.862496476
-0.475084884	0.662418641
2.59400764	1.178970141
5.974004792	5.321928095
4.389042291	2.929610672
3.036525876	3.843880798
2.321928095	2.0
0.404390255	0.819427754
1.025995208	2.4665678
2.138706271	1.138706271
-1.270528942	-1.685566442
3.736965594	2.567040593
0.763507382	-0.914564523
2.067114196	1.415037499
-0.321928095	1.263034406
-0.919657892	0.495379608
1.0	1.321928095
5.362570079	5.192645078
3.234465254	2.234465254
-1.060047384	1.261880711
1.603109848	2.188072348
-0.065473838	-0.287866259
0.55374377	-0.223863809
-1.175258446	-0.760220947
0.118988037	-0.144046369
0.202987023	1.202987022
0.632628934	0.89566334
-1.057450274	0.401981346
0.855610091	0.607682577
1.0489096	1.4639471
1.922202722	2.49410907
4.321928095	3.869415891
-0.252980741	1.747019259
1.217591435	0.480625841
1.200912694	0.4639471
-0.108524457	0.591915262
3.556393348	2.234465254
4.212303604	4.286304185
3.943416471	3.791413379
2.0	1.0
3.029146346	3.614108846
0.480625841	0.89566334
-1.017921909	0.982078092
1.222392421	0.584962501
0.31070084	1.118055762
1.074000582	1.726077278
2.88654195	6.070966521
0.49749966	-0.50250034
3.63911827	3.091630475
2.556393348	3.404390255
0.584962501	1.321928095
-2.859638314	-1.859638314
-0.68929916	-0.310787538
0.555215157	0.385290156
2.898716664	3.246639968
-1.821029859	-1.405992358
4.943416472	4.428843299
2.473931188	1.473931188
1.68965988	2.689659879
1.514573173	3.602036014
5.421463769	4.974004792
3.602036014	2.514573173
-1.121015401	-1.705977902
3.019365325	2.867362231
3.046921047	0.988027358
-0.026800059	-0.441837559
0.093109405	0.415037499
1.036525876	2.206450877
-0.744161096	-1.966553519
1.785875195	-0.121015401
3.152003093	1.152003093
3.034351505	2.116813665
-0.178449074	-0.915414668
2.707218251	3.614108846
1.929610672	2.251538767
2.561115759	2.391190757
2.380031049	3.302028538
2.0	2.756728849
1.540568381	2.347923303
1.979535898	0.757143476
1.588573754	2.074000582
0.491853096	-1.093109404
2.96829114	2.798366139
2.514573173	3.292180751
2.856264522	2.4639471
0.128156352	0.391190758
2.581170922	2.14059833
-1.164571768	0.250465732
1.635427568	1.44278249
5.058893689	4.321928095
-0.395748328	-1.073820235
0.876617585	0.069262663
0.540568382	-1.196397214
-1.10433666	0.703018262
-0.040641985	1.152003093
3.75308526	3.800390974
2.480625841	3.065588342
0.954063716	-0.326044203
2.574694165	4.226770862
1.415037499	2.415037499
3.447458977	2.125530882
3.556393348	3.819427754
5.584962501	5.0
0.036525877	0.621488376
-0.582957366	0.154008229
2.415037499	1.093109404
1.736965594	1.389042291
-0.678071905	-0.415037499
1.074000582	3.074000582
0.683854258	0.531851165
1.653549586	2.653549586
0.373560864	-0.626439137
2.106915204	2.884522783
2.952694285	0.367731785
2.384754932	2.095248315
0.678071905	1.777607579
0.240134003	-0.496831591
-1.163498734	-0.025995209
-1.378511622	-1.185866544
-1.361066488	-0.553711566
5.291231298	5.275634443
2.428843299	1.943416472
3.215012891	2.684498174
0.501749133	1.671674134
0.556393348	0.234465253
0.306977753	-0.693022247
2.473931188	2.321928095
1.202987022	2.524915117
-1.402964665	-2.98792717
1.567040593	2.374395515
3.300866479	3.828113482
-0.435628594	0.8862995
3.26607486	2.340075442
-0.9510904	0.785875195
0.884522782	-0.115477218
0.853158612	2.04580369
-1.058893689	-1.228818689
4.807354922	6.087462841
1.834662268	2.027307346
4.746425923	5.096368395
1.28239973	-0.30256277
3.567040592	2.814968106
-0.485426828	-1.22239242
1.607239421	0.559933706
0.175571565	-1.087462842
0.260151897	0.601188815
0.09696173	-0.224966365
1.074000582	-0.247927514
8.984893108	8.437405312
-2.476813693	-1.061776198
0.192645078	0.455679483
0.757143476	-0.242856523
-1.303780749	-1.496425825
0.152003093	-0.263034406
2.477578965	1.340075442
2.5334322	2.7744403
2.621488377	1.843880798
1.607682577	2.415037499
-0.23737545	-1.130460246
-0.109121722	-0.916476643
1.392137097	0.070209002
0.971430848	0.649502753
-1.236492618	-0.236492618
0.143124943	-0.704871963
2.915935735	1.763932642
-0.586564605	-0.245527688
1.640104055	0.640104055
1.695331105	1.615160757
-2.201633863	-1.786596364
-1.247927512	-1.569855609
0.96437609	0.549338591
-2.319039813	-2.056005409
0.144010303	0.407044709
0.808858513	1.393821013
1.043943348	0.944407674
0.278600663	-0.172060747
-0.232660756	-0.910732661
0.96829114	1.257797758
1.85160816	2.436570661
2.956278623	1.840801405
3.321928095	1.556393349
0.415037499	1.0
1.514573173	1.929610672
4.038621294	4.355094959
-0.263034406	-0.137503524
8.321928095	8.044394119
2.428843299	1.621488377
1.277533975	1.862496476
1.765534746	1.378511623
1.009045139	1.178970141
4.206450877	5.176077228
-0.788495896	0.452512205
0.959358015	1.152003093
2.906890596	4.321928095
0.066427362	-0.670538233
2.0	3.0
1.168122759	0.846194664
5.443918619	5.519867472
3.341036917	3.9510904
-0.685566442	-1.685566442
0.103835811	0.706500313
-0.085036103	-0.570462932
4.143590853	1.89566334
1.881355503	0.948469699
-1.741466984	-2.156504488
1.21041978	0.403064858
3.091630475	2.713118852
3.736965594	4.688055994
-1.333423733	-0.19592021
4.455194626	4.760049207
-0.112700133	0.209227962
4.498805857	5.752562449
1.258918297	1.451563375
-0.855989697	-0.718486173
-2.934280595	-1.934280595
3.648969113	3.380480277
0.551854189	0.329461768
2.089267338	2.574694165
1.785875195	2.785875195
-0.831877241	-0.453365617
2.166649869	2.955145764
5.60823228	6.304226093
0.367731785	3.068171503
2.222392421	3.273018494
-0.521050738	1.616452787
2.393011193	1.01449957
2.175086706	2.068171503
1.234465253	2.234465254
0.936497058	0.784493964
1.814133454	1.399095955
-1.341036918	-0.92599942
4.96437609	6.487938046
1.4639471	1.686339521
2.798366139	3.96829114
2.473931188	1.736965594
0.246639968	0.609210047
-0.163038615	-0.385431038
3.910297197	2.182376742
0.415037499	2.415037499
4.087462841	4.169925001
-2.701364223	-3.286326734
0.657238402	1.197806783
1.036525876	0.451563376
-0.089347485	-1.259272488
2.514573173	2.251538767
-0.937344393	-0.674309986
2.271302022	1.0489096
0.567040592	1.204470513
1.142019005	0.4639471
-2.373880175	-0.63691458
3.584962501	5.64385619
1.116023797	1.744055019
-3.410239335	-3.825276834
0.253882707	-0.03562391
0.996208421	0.655171503
-0.954196311	0.920272807
4.626782676	3.404390255
0.485426827	-0.514573173
3.625934282	3.888968687
-1.128104825	-0.935459748
3.134301092	1.549338591
-0.263034406	1.196397213
1.248679113	1.471071534
-1.973527787	-1.732519689
-3.101187817	-2.779259719
0.862496476	2.084888897
-0.552541023	-1.722466025
-1.554588851	-0.969626351
-0.137503524	0.59946207
3.027744991	2.027744991
3.300866479	1.798366139
-1.671796581	-3.256759077
3.891293741	3.615659298
3.321928095	4.799975392
3.60572106	3.38332864
0.234465253	0.719892081
2.0	1.678071905
3.371968778	4.0
-0.510961919	-0.873531998
1.296393003	1.074000582
0.552861658	0.815896063
2.181446871	2.969942766
0.415037499	1.584962501
3.68965988	4.412125904
-1.80391584	-1.066950244
2.96437609	4.093659107
2.152003093	1.344648172
6.578267848	7.106199404
2.282399731	2.112474729
-1.04001568	0.129909323
0.699876275	1.787339117
2.49410907	1.49410907
1.208586622	0.830074999
1.990413951	1.542954974
-1.857980995	-1.121015401
3.514573173	2.251538767
-1.209453367	-0.209453365
1.277533975	1.152003093
0.584962501	2.584962501
1.309104054	2.408639728
0.321928095	-0.415037499
3.238005611	1.862496476
-1.520422249	-0.935459748
3.819427754	4.989352756
4.38332864	3.60572106
3.707218251	3.794681092
0.988412026	1.121678557
3.321928095	4.058893689
1.655171503	3.441767865
0.383328639	1.96829114
2.460634366	1.138706271
-2.234194724	-0.649232221
0.088308419	-1.326729082
3.234465254	2.556393348
-1.228818689	-0.769387071
3.906890596	2.906890596
2.715270523	2.063193827
3.584962501	4.459431619
0.105990696	1.328383117
1.693111305	0.938223803
-0.459431619	0.540568382
-3.343407829	-2.606442232
4.239101664	3.832781382
2.894506871	3.764446331
0.340836557	-0.436771021
2.49410907	1.979535898
0.204140717	-0.506352666
2.884522783	1.884522782
6.321928095	5.573466862
-1.432959409	-1.017921909
0.480625841	1.703018262
-6.477308608	-6.062271045
3.791413379	3.943416471
0.283792966	1.061400545
0.830074999	-0.017921908
1.188072348	0.018147347
-1.255500732	-0.448145811
1.539026217	0.621488376
2.718587065	2.477578965
0.357031895	0.116023796
-0.576925183	0.64546724
2.224317298	0.75038611
2.477578965	2.603109847
4.801095932	3.862496477
-0.510961919	0.226003675
3.36257008	5.0
4.974004792	4.099535673
1.099535674	0.514573173
2.951905712	2.876617584
0.929610672	2.929610672
-0.632268216	0.537656786
1.887697031	1.817307703
2.321928095	2.544320516
2.44278249	3.612707491
0.59400764	0.178970141
2.923378718	1.0489096
0.736965594	1.152003093
2.086711633	2.961180751
-2.129283014	-2.54432052
1.160936218	-0.424026282
2.798366139	4.120294234
6.602036014	6.421463768
1.556393349	1.75802721
2.652076697	4.192645078
3.810966176	4.881355503
0.881355503	1.243925583
2.736965594	1.263034406
2.862496476	2.184424571
-0.263034406	0.736965594
1.594007641	2.178970141
3.874469118	4.222392422
1.862496476	3.321928095
-1.317111077	0.557358039
-1.592158	-0.592158002
0.692571475	0.277533975
2.321928095	3.321928095
-0.005998741	0.57896376
1.263034406	2.584962501
-2.941732343	-1.719339921
3.847996907	3.485426827
0.658963082	1.074000582
0.919080005	0.025995208
0.970599084	1.275453665
4.485426827	4.847996907
-0.469234793	-0.009803175
1.433184846	-0.566815155
3.736965594	2.514573173
-1.734903126	-0.220329954
0.77349147	1.258918297
2.338416218	1.200912694
-0.124328134	0.138706271
0.621488376	0.528378972
-0.284344911	-1.769771739
1.299560282	0.884522782
5.120294234	3.38332864
2.115477217	2.222392421
-0.51517417	0.707218251
1.747019259	2.33198176
2.64385619	3.491853096
3.118394701	4.628589433
4.120294234	4.656347134
3.099535673	4.099535673
2.178970141	2.59400764
-0.149747119	-1.149747121
3.614108846	3.029146346
4.774440299	5.395928676
-0.174497732	0.018147347
0.549338591	2.134301092
4.813463732	3.187278568
0.273168784	1.273168783
0.621488376	0.206450878
0.722015253	0.306977753
3.349942471	1.649502753
0.96437609	1.664815808
-1.516375416	-2.323730338
2.169925001	2.0
3.334000927	4.427110331
2.367731785	3.367731785
2.893084796	2.362570079
3.428843299	4.791413378
0.825502269	2.188072348
5.321928095	5.404390255
3.084888898	3.736965594
2.058893689	1.736965594
-0.386416822	-0.193771743
-0.133399125	0.18852897
4.0	3.192645078
3.26607486	3.541709303
0.125530882	0.710493382
5.032421478	5.769387072
-1.740567832	-0.238067491
0.658963082	-0.92599942
0.55374377	2.254183488
2.129283017	1.321928095
1.257797758	1.120294233
0.480625841	1.89566334
-0.651530117	-1.651530119
4.140321288	0.367731785
1.489038081	0.074000582
0.85654721	0.397115591
2.689659879	2.952694285
-2.058893689	-1.473931188
3.152003093	5.473931188
-1.142957953	-0.40599236
4.621488377	4.469485283
-0.940166752	-0.355204249
-2.07610298	-1.339137385
3.243925583	3.395928676
2.374395515	1.152003093
2.816400062	3.829224102
3.043392595	2.375967935
0.584962501	2.459431619
-1.390353235	0.889754683
1.514573173	2.099535674
2.862496476	3.788495895
5.099535674	4.514573173
1.936274402	2.959358016
-2.343407822	-1.606442228
1.223896012	1.683327631
-0.197146471	-1.004501391
1.514573173	1.736965594
1.176877762	0.476438044
2.736965594	1.830074999
1.594007641	1.178970141
3.161463423	4.321928095
4.222392422	4.0
1.985644707	2.911644126
3.099535673	1.836501268
1.64385619	1.321928095
-0.64385619	-1.64385619
3.493408563	3.279283757
-0.912376134	-0.019291338
-0.873276316	0.422179568
3.544320517	2.736965594
-0.921612101	-0.098489864
0.878984599	0.101377021
-0.314037308	1.954451527
2.063193827	2.425763906
1.703606997	1.652076697
2.359730128	2.631032149
1.222392421	1.0
0.257797758	0.60572106
0.724992953	0.403064858
2.824022328	1.421923885
1.504304838	0.182376742
5.080919996	2.943416472
1.657445254	2.101051906
2.338416218	3.833180909
4.129283017	3.64385619
5.544320516	5.321928095
-0.57531233	0.803199293
-1.594548549	-1.916476646
-0.280956315	0.619508013
2.395928676	2.243925583
-1.979568098	-0.072677505
-0.472487771	0.849440324
0.152003093	1.152003093
1.736965594	1.084888897
3.736965594	3.0
-0.230854	-1.996388749
-1.638073835	-1.178642219
1.255838904	1.577766999
0.277533975	0.95560588
-0.017921908	0.567040592
1.934904972	2.041820176
2.05246742	2.620151929
1.888968688	1.152003093
1.519734878	0.782769284
3.166649869	2.707218251
-0.175258446	1.146669649
5.57718515	5.596550475
-1.769066437	-1.032100843
3.910114497	3.775184917
-0.662965014	-0.373458395
5.321928095	4.822357086
1.810966176	2.658963082
-0.312277924	-0.518728803
0.878984599	1.878984599
4.032421477	4.184424571
-0.361768359	-1.098733954
0.900464327	1.678071905
4.479469372	4.013805799
1.805352569	0.635427567
3.38332864	2.383328639
-0.121015401	0.686339521
3.869415891	4.145050333
1.849440324	1.112474729
2.805352569	3.027744991
-1.241840183	-1.563768278
2.065588342	1.89566334
-1.01346226	-0.691534166
2.707218251	2.514573173
0.384980265	-1.277984747
3.567040592	4.304006187
1.321928095	1.781359714
3.672835257	1.672835257
2.395928676	3.243925583
-0.564784619	0.757143476
1.206450878	1.0
-1.277984747	-1.693022244
-0.532940289	-0.725585366
2.080919995	1.791413378
2.302028537	1.717066037
1.69743723	0.434402824
2.514573173	3.602036014
3.537656786	2.952694285
2.781359714	3.022367813
2.079853308	3.838845208
1.736965594	1.321928095
1.982078092	3.68251781
-1.212050478	-0.797012979
0.961446759	0.376484258
-1.302562771	-1.71760027
-0.523561956	-0.301169535
1.213403638	4.213403638
2.166649869	1.514573173
4.455194626	3.827163403
-2.125155132	-0.424715414
2.094122177	1.168122759
-1.171927353	-2.171927356
4.753644336	4.355094959
-2.403722186	-0.988684686
0.678071905	-1.906890594
0.531851165	2.116813665
1.112474729	1.597901556
1.683327631	0.545824107
2.175086706	2.104697379
1.034061836	1.375098754
-1.596935144	-1.234365063
-2.129283014	-1.392317423
2.767339243	1.767339243
3.4639471	4.164386818
5.416564969	4.79683705
1.183514066	2.22304243
0.938223803	1.108148804
2.415037499	3.584962501
4.271302022	4.164386818
3.767339244	2.352301744
6.239465935	5.852442812
3.0	3.169925001
-0.258734268	-1.481126691
0.678071905	-0.321928095
1.134301092	-0.03562391
1.473931188	1.152003093
0.006023787	-0.257010618
0.621488376	1.943416472
2.352301744	0.767339244
0.444183845	-0.292781749
-0.498250867	1.309104054
-1.304997698	-0.430528581
0.081613765	-0.655351828
1.919829651	1.112474729
3.596103059	3.355094959
0.299560282	0.621488376
4.736965594	5.321928095
0.729471058	1.314433558
3.965784285	2.491853096
2.120294234	1.383328639
2.830074999	1.152003093
2.0	1.415037499
0.906890596	1.321928095
1.403064858	-0.011972642
-1.625270488	-0.362236083
2.885288341	2.671163536
5.206450877	4.206450877
0.946133128	-0.992466327
1.024247546	2.439285046
2.175086706	2.367731785
1.686339521	1.96644744
3.662965013	3.874469118
1.415037499	2.0
3.321928095	3.4150375
-2.227535722	0.274964616
-1.696735752	-1.28169825
1.910994994	0.036525877
-2.633237446	-1.758768324
4.795859283	4.544320516
-0.314696525	1.492658397
1.921997488	1.337034987
-0.808439247	-1.596935144
0.678071905	-0.321928095
2.120294234	2.96829114
1.234465253	0.819427754
2.395928676	0.810966176
-1.765534747	-2.765534742
0.514573173	0.251538766
3.007819504	3.046293652
-0.401687945	-2.064652957
-2.095924418	-0.832890014
-0.809227336	-0.268658955
0.367731785	0.952694285
7.736965594	6.321928095
2.692177672	1.482724307
3.447458977	0.862496476
-3.515174168	-1.930211667
3.497014801	3.27462238
2.891940254	3.043943348
0.60572106	-0.201633862
1.612976877	-0.087462841
0.514573173	-0.222392422
1.570187148	1.290079229
1.264477822	-0.25009535
0.304006187	1.069540933
1.878009476	0.960471636
0.580461109	2.039892727
0.890878278	1.083523356
1.178970141	0.59400764
5.584962501	5.321928095
3.234465254	2.819427754
-2.131342538	-1.131342538
0.781359714	-0.35614381
1.220390068	0.220390069
0.597035333	0.012072832
1.321928095	1.152003093
1.175086706	1.537656786
0.041157325	-0.373880175
3.152003093	6.267480311
-1.296457407	-0.711494906
0.083523356	-0.916476643
2.321928095	2.736965594
1.649502753	1.234465253
3.120294234	2.383328639
0.327574658	-0.350497248
3.206450878	4.206450877
0.112474729	1.849440324
2.33198176	2.621488377
0.434402824	0.112474729
0.473931188	0.736965594
-1.181897643	-0.596935142
1.206450878	1.943416472
1.317426703	0.695938326
5.321928095	4.491853096
3.112474729	4.636036685
3.144389909	3.506959988
2.498805857	2.88582898
-1.266370118	-2.114367026
2.277533975	4.736965594
-0.895856545	-1.381283374
4.123988718	2.036525876
3.567040592	2.888968688
0.649502753	0.234465253
2.383328639	1.96829114
0.985955264	1.190313763
1.929610672	3.251538767
-0.144046369	-0.881011965
-0.519374158	-0.782408565
0.96941168	1.621488377
2.678071905	3.847996907
-1.282933964	-0.060541541
4.282399731	4.019365325
3.984893107	1.321928095
2.64385619	2.022367813
4.881355503	4.395928676
0.621488376	-0.757023247
-1.094718656	-0.317111079
2.860023991	1.038994132
-0.612745657	-0.197708158
-0.544320516	1.040641984
1.377069649	1.640104055
3.618645627	3.690795413
2.027744991	1.722890409
4.918572401	4.407319586
-1.301587647	-1.623515739
0.921048658	1.380480277
0.283792966	1.724365557
0.444183845	0.707218251
0.875671865	0.55374377
2.202987022	0.787949523
2.499926397	1.277533975
1.49410907	0.49410907
0.757143476	2.079071571
5.959358015	6.399930607
3.0	2.678071905
2.559427409	1.921997488
0.678071905	1.900464326
5.933362807	7.094517599
0.812914448	1.19993757
-2.03562391	-1.228268989
3.401362563	1.178970141
-1.057450274	1.264477822
5.271302022	3.923378718
-1.502500342	0.371968777
-0.995484519	-0.410522018
0.527512228	1.527512229
-1.0	-0.321928095
2.304006187	1.982078092
2.530514717	1.152003093
1.423074818	2.925575159
1.747019259	1.162056758
2.206450877	3.428843299
3.289506617	4.078002512
-1.332707932	-1.525353011
0.649502753	0.234465253
0.255838905	0.840801405
3.321928095	3.693896872
2.983126181	3.065588342
2.862496476	2.599462071
0.35614381	-0.058893689
-1.019540185	-1.671616884
4.210896783	5.121629444
2.467778961	2.574694165
1.736965594	2.321928095
2.888968688	2.441509711
3.302028538	3.454031631
-1.381283374	-0.381283372
0.982078092	2.152003093
-1.902073582	-1.317111077
1.89566334	4.112894056
2.08246216	1.912537159
1.152003093	2.567040593
-1.045642665	-0.15255787
1.711063731	1.357426776
1.805352569	3.158989524
1.436570661	1.726077278
-2.161887683	-1.746850182
1.89566334	1.480625841
0.431157165	1.168122759
1.663716612	2.248679113
-0.786596362	0.43579606
0.495379608	0.080342108
2.286304185	1.549338591
1.468476758	1.009045139
-0.163498732	-0.678071905
1.063193827	0.840801405
2.105990696	1.913345618
-1.762880294	-1.177917793
2.26607486	0.825502269
0.495379608	1.495379608
0.065588342	-0.782408565
0.0	0.415037499
1.335867286	1.883355081
2.570607208	2.806674566
-1.390598906	-2.068670809
1.647328381	0.754243586
2.321928095	2.514573173
0.192645078	1.607682577
3.898985398	3.478653598
-0.070389328	-0.807354923
-0.504620392	1.302734529
0.736965594	1.099535674
-0.263034406	0.874469118
2.234465254	1.862496476
5.058893689	5.544320516
1.26664566	2.074000582
-2.721099187	-0.913744267
-0.240314329	0.567040592
-1.098733954	-0.098733954
0.112474729	0.74990465
3.836501268	4.099535673
-0.940166752	0.760272968
2.286304185	2.549338591
2.752072487	1.921997488
3.736965594	4.736965594
-1.925999417	-2.247927512
2.192645078	3.099535673
-0.491853097	0.415037499
-1.197146469	-1.004501391
2.0	3.137503524
1.0	0.678071905
3.514573173	1.777607579
-0.146841389	0.04580369
-1.857980995	-1.009984089
4.711874613	4.856264522
1.603109848	0.603109848
-1.185866544	-0.770829046
0.415037499	1.289506617
-0.145677456	2.377884501
0.04580369	-0.36923381
-1.053111336	-1.86046626
0.314433558	-0.270528942
0.036525877	-1.548436624
1.112474729	1.69743723
0.152003093	-1.263034405
0.112474729	-0.539601967
0.248679113	-0.113890967
2.626782676	2.878321443
1.902389203	2.387816031
0.506011159	0.380480277
0.590124206	-0.217230716
-0.090288885	-0.353323291
2.76121314	3.993873897
0.036525877	0.451563376
1.125530882	1.862496476
-1.536052901	-0.728697978
-0.2255597	0.161463423
-1.436295118	0.148667381
-3.132576837	-3.454504944
-2.372952098	-1.235448573
2.66792395	1.902389203
3.658963082	5.161463423
0.352301744	-0.495695163
0.822082208	0.62943713
1.333534714	-0.251427787
-1.941106309	-1.678071905
2.489038081	2.296393003
-1.080657663	-0.817623256
1.692571475	1.01449957
2.713118852	2.850622376
-1.850499416	-2.265536916
0.118988037	-0.465974465
1.929610672	1.514573173
-0.9510904	1.271302022
0.423074818	-0.576925183
-1.64385619	-0.64385619
1.703018262	0.480625841
-1.056583528	-0.378511624
1.240844166	2.673803574
1.103835811	0.933910809
-0.268035087	1.191396532
0.582842449	0.402270203
1.678071905	2.847996907
1.090364028	-0.132028393
0.814133454	1.814133454
1.029146346	0.292180752
-2.622539956	-1.622539956
1.61497507	0.849440324
-2.549317118	-3.771709548
7.156250064	4.594007641
5.273018495	5.0
0.900464327	0.093109405
1.377069649	1.862496476
1.621488377	2.621488377
1.915935735	2.915935735
3.60572106	5.190683562
0.607682577	0.929610672
0.663716612	0.248679113
0.427110331	1.950672287
1.736965594	2.415037499
2.288505093	3.332899213
-0.722466025	-0.944858447
3.131063756	3.396205825
1.091630475	2.198545679
0.039170598	-1.768184323
2.065588342	1.065588342
1.621488377	1.09792642
1.678071905	2.678071905
2.514573173	1.514573173
2.456857675	1.971430848
0.841935154	0.763932642
2.415037499	1.0
0.379413589	-0.298658316
0.321928095	-0.093109404
-0.080170349	1.019365325
0.29351968	1.004013063
1.741983669	1.800877358
1.234465253	0.819427754
-0.145677456	0.439285045
0.367731785	1.590124206
-1.096861538	-1.681824039
-0.30256277	0.112474729
1.152003093	1.929610672
-1.56833618	-2.56833618
2.383328639	1.715903979
7.680298186	8.004187797
3.180572246	3.093109404
4.113341473	4.236198221
4.836501268	4.321928095
-1.22606808	-2.033423002
2.812914447	2.919829651
-0.997994865	-1.84599177
-1.560714954	-0.975752455
0.391190758	0.806228257
2.294447358	2.59400764
0.481355396	0.712680942
0.62632153	-1.089885503
3.906890596	3.544320517
5.700439718	3.115477217
0.063193826	0.840801405
3.263034406	2.263034406
3.152003093	2.736965594
3.054447784	2.206450877
1.058508405	0.860569028
0.584962501	0.736965594
-0.117695043	-0.632268216
1.637429921	1.415037499
-1.070389328	0.344648172
3.024247546	1.439285046
1.079636116	-0.675251386
2.329159664	0.492658397
0.684877083	0.182376742
-1.599912843	-0.429987841
1.454031631	2.132103536
-0.841973118	-1.356546292
1.729471058	1.314433558
3.857647077	0.687722075
-0.646738698	-0.18730708
4.796466606	5.227805918
5.881355503	6.216958535
0.736965594	0.222392422
2.631612594	1.757143476
1.395928676	2.074000582
1.91694426	2.685618714
1.133624564	0.892616464
1.935869663	2.476438044
0.572393828	1.642783155
-0.044394119	1.656045599
1.118055762	0.89566334
2.152003093	0.567040592
0.992804498	0.255838905
-0.715161223	0.284838777
3.245306813	2.955800196
0.869801277	0.02180437
2.591535155	2.302028537
1.395928676	0.658963082
1.129283017	3.129283017
1.590986288	-0.257010618
2.850622376	3.198545679
-1.402585758	-1.080657663
0.950905451	-0.164571766
1.094859186	0.220390069
2.386468347	4.018736563
1.537656786	1.175086706
1.330973234	0.009045139
0.777607578	-0.392317423
4.122619287	3.367731785
1.449099336	4.430951989
1.485426827	1.0
-1.437405313	1.147557188
-0.510961919	0.90407558
4.206450877	3.943416471
-0.536052901	-1.021479729
0.427110331	0.012072832
2.0	3.0
1.785875195	1.338416218
2.029146346	4.462105753
0.551099049	-0.185866546
-1.164571768	-0.749534268
-0.550900664	-0.87282876
-0.62838478	-1.213347283
-1.662965011	-0.662965014
2.074000582	3.466318004
1.787006277	4.436099115
-0.023846743	1.198545679
-0.336283388	0.663716612
2.074000582	1.074000582
0.637429921	0.415037499
5.105116706	5.024946357
0.6596412	-0.688282103
3.70417566	4.238512086
2.268816758	1.268816758
2.788495895	2.447458977
2.466876431	2.627341103
2.007231569	0.855228476
3.282399731	2.434402824
2.540568381	1.540568381
2.89566334	1.89566334
-0.737686761	-0.252259934
0.352301744	3.522226745
2.491853096	2.321928095
5.146841388	5.099535674
-0.66959375	-1.084631251
3.172180975	4.030161971
0.139133293	-0.422745595
0.454031631	0.591535155
5.974004792	4.280107919
1.597035333	2.334000927
0.272079546	-0.142957954
2.447458977	2.669851398
2.556393348	2.934904972
-0.334695391	-0.919657892
0.452288895	0.949788554
-0.214124805	-0.9510904
3.0	2.621488377
4.662965013	4.557995453
-1.636141223	-0.899175632
0.449802918	1.101879614
0.380480277	-1.078951342
0.890878278	-0.331514143
0.921048658	-0.078951342
1.408639728	1.501749132
1.7744403	1.881355503
0.489038081	0.90407558
-1.557655155	-0.683186038
1.736965594	1.584962501
-0.855491444	0.392436071
2.457989645	2.171685459
1.985644707	0.248679113
-0.307428525	-0.892391025
0.243586644	-0.978805778
-1.077243	0.301268624
0.09696173	0.359996136
-0.266786541	-0.459431619
0.125530882	0.862496476
1.567040593	0.567040592
2.567040593	2.081613766
1.112474729	0.890082308
-1.270528942	-1.685566442
3.042435266	3.181838323
2.182864057	1.790546634
-1.544320516	-1.129283017
1.862496476	0.640104055
0.234465253	-0.180572246
2.762056575	1.810966176
1.285269625	0.367731785
3.111361109	3.567040592
0.277533975	1.862496476
1.636701471	-1.237767646
0.074000582	0.658963082
2.882816461	2.767339243
-1.135159583	-1.942514503
-3.37155887	-1.497089744
0.55884344	0.443366222
3.304006187	2.789433014
3.736965594	3.447458977
2.514573173	4.251538767
1.935869663	0.646363045
0.729471058	0.051399152
1.514573173	1.836501268
1.767339243	3.574694166
-0.117695043	-0.854660636
0.523186304	1.108148804
-0.592955292	-0.855989697
0.760049207	0.27462238
0.290079229	0.652649308
3.115477217	1.415037499
0.270265975	-0.314696525
2.288505093	0.873467594
6.053731984	6.215012891
0.326443576	0.4639471
-0.228268987	-0.713695814
-2.929159764	-1.34419726
0.792107149	0.640104055
-0.807354923	-2.070389328
2.794681092	2.166649869
0.267851422	1.419854515
-1.066089191	-1.329123597
-1.350497246	-1.765534747
3.952694285	2.952694285
0.59400764	0.731511164
1.584962501	1.807354922
3.495957494	4.358453971
1.302028538	1.132103536
1.467267458	0.145339363
0.074000582	-0.078002512
2.166649869	1.029146346
2.141355849	2.404390255
0.347398782	-0.126532406
4.137503524	3.0
1.245457269	1.845849811
3.222392421	3.584962501
-0.709290636	-1.031218731
0.423074818	1.64546724
4.032421477	4.486987341
-0.814208593	0.185791407
2.705256734	0.383328639
3.859301137	4.309104055
1.060260525	1.301268624
5.321928095	6.781359714
1.132103536	1.832543254
0.433184845	0.892616464
3.952694285	2.736965594
0.37811093	-0.79181407
3.943416471	3.358453971
-0.64961546	-0.064652958
2.514573173	3.684498175
0.379413589	-0.03562391
-1.332707932	-1.747745435
0.717066036	2.132103536
4.159656666	3.089267338
2.0	3.222392421
1.814133454	1.399095955
1.747936712	1.610433188
-0.386416822	0.893691098
-0.144771524	-1.729734023
7.984893107	8.26052755
-2.626439135	-1.626439135
-0.188506427	1.355814089
5.459431619	4.0
-0.670538233	-0.255500733
5.750771394	5.708951218
-0.214124805	1.164386818
3.099535673	1.514573173
-1.125745553	-1.933100474
0.976153258	-0.123382415
-0.981852653	0.892616464
0.01449957	-0.137503524
1.949373927	-0.273018494
3.349942471	4.456857675
1.058893689	0.321928095
1.771731012	1.286304185
3.289506617	2.637429921
0.399095956	2.13606155
2.067114196	2.607682577
1.952694285	3.827163403
-0.145677456	0.17625064
-2.03562391	-1.298658316
0.69743723	2.434402824
-1.336283388	-0.336283388
2.27462238	1.952694285
3.520832163	1.283792966
1.036525876	3.206450878
-2.290326094	-1.875288598
2.415037499	2.152003093
-1.109917693	0.475044809
3.700439718	3.0
4.491853096	4.344295908
4.633872101	4.987509056
0.444183845	0.707218251
-2.749534265	-0.749534268
0.107608973	-0.307428525
-0.742006212	-2.478971808
0.506011159	-0.49398884
1.862496476	3.0
4.974004792	5.099535674
6.215012891	6.46453249
-0.145677456	0.17625064
0.810966176	0.489038081
0.427918791	-1.478971804
1.675236604	2.08434927
1.008037319	2.23042974
1.567040593	1.152003093
1.296393003	1.074000582
3.537656786	1.952694285
-1.521469579	0.285885345
1.929610672	1.12225575
3.074000582	4.5334322
-1.600904043	-0.600904045
1.88654195	0.749038427
0.074000582	-1.148391838
0.662418641	1.90342674
-1.078951342	-2.49398884
-0.455053177	0.660424039
2.891940254	3.043943348
1.556393349	2.693896872
1.64385619	2.409390936
0.69743723	2.571906348
-0.46727948	-0.329775957
4.769387072	5.11042399
2.430634354	1.176877762
0.35038454	1.520309542
3.349942471	2.523971871
2.058893689	2.736965594
1.534336428	1.311944006
1.200912694	0.200912693
-0.201633862	-0.049630768
0.57896376	-1.005998741
0.43579606	1.213403638
3.38332864	3.60572106
0.973199941	0.780554863
0.753304331	-2.134220939
2.689659879	1.68965988
2.763932642	2.00904514
2.271302022	1.4639471
-0.372333048	-0.08282643
4.257797757	2.798366139
5.514573173	5.974004792
2.251538767	0.514573173
4.567040592	2.888968688
2.705256734	1.605721061
-1.017921909	-0.339850003
2.188072348	2.603109847
0.590124206	1.104697378
-0.693022247	0.043943348
-1.07610298	0.146289443
1.118485967	1.00300875
-0.769066437	5.204391775
1.736965594	2.058893689
-1.851998838	-2.173926933
-1.079899547	-1.442469627
0.447458977	0.499926397
2.639118271	0.391190758
0.942155925	1.87504173
0.752072486	1.464790534
4.980891177	2.658963082
-1.847996905	-1.111031312
1.621488377	3.206450878
1.607682577	1.415037499
1.85160816	1.436570661
0.64385619	1.321928095
-0.673556423	1.004515481
-0.904751685	-0.374236968
6.321928095	5.127111918
-0.401448434	-1.401448434
-0.422905742	0.162056758
4.234465254	2.819427754
0.061400545	0.476438044
4.736965594	5.058893689
-1.455053179	-0.718087583
2.277533975	3.447458977
0.524915117	2.010341944
3.321928095	3.235771451
0.819427754	2.041820176
1.175086706	1.537656786
4.169925001	3.807354922
0.680583124	1.111217479
0.84295629	3.328383117
-0.921245889	-0.336283388
1.540568381	2.540568381
-0.87184365	-1.608809245
3.736965594	2.888968688
1.572989859	0.724992953
6.53003629	6.673400465
1.321928095	1.184424571
0.971430848	0.649502753
0.245112498	1.567040593
-0.847996905	-1.040641985
2.514573173	4.215012891
-1.185866544	-1.600904043
5.058893689	7.196397213
0.36257008	1.716207034
3.812914447	3.69743723
2.943416472	2.621488377
0.175086706	1.89129374
1.350687088	-0.897240425
0.137052751	-0.862947247
-0.883976204	0.241554679
-0.041476636	-0.304511042
-0.472487771	-0.150559676
-0.169925001	1.0
3.0	3.4150375
-1.449561375	-0.279636373
1.084160448	1.569587275
2.6049372	2.140990101
1.407044709	1.822082208
1.310700839	0.31070084
1.192645078	0.455679483
5.0	4.084064265
2.439285046	2.609210047
0.010341945	-0.797012979
1.605721061	0.798366139
4.271302022	4.048909601
2.478653599	1.976153258
0.607682577	-0.392317423
3.571906348	4.199937571
1.399095955	1.229170954
2.447458977	1.59946207
1.910994994	1.77349147
0.401362562	-0.40599236
-0.221786119	-0.987320866
-2.087462839	-1.765534747
1.01449957	-0.137503524
-1.515699838	-2.930737337
-0.68929916	-0.274261661
0.671674134	0.309104054
1.609210047	0.76121314
0.080342108	0.495379608
0.367731785	1.293731203
-2.219813876	-1.804776375
0.288505094	2.458430095
-0.797012979	0.290449864
1.974004792	0.836501268
3.395928676	2.395928676
-1.574404308	-1.989441811
4.0	2.192645078
3.807354922	4.459431619
1.135101033	1.219989931
0.743660247	0.381090167
0.241972791	0.613941568
1.178970141	2.178970141
4.852442812	5.473931188
1.971430848	2.971430848
1.768955708	2.044590151
2.263034406	2.678071905
3.684498175	2.514573173
-1.861293728	-1.44625623
0.277533975	0.692571475
0.493040011	0.567040592
2.736965594	2.473931188
0.424687669	0.102759574
3.099535673	4.836501268
0.172180975	2.079071571
4.321928095	3.321928095
-0.326044203	-0.133399125
1.024247546	2.024247546
1.549338591	1.96437609
-1.345774837	0.069262663
1.447458977	-0.137503524
4.807354922	3.584962501
0.1100398	-0.720035197
4.685891409	4.743224585
3.051074185	3.936903165
-0.416164165	-0.831201664
1.974004792	1.321928095
-0.145677456	1.024247546
0.929610672	1.707218251
-0.40599236	1.816400062
-2.084631251	-1.66959375
1.263034406	3.678071905
2.888968688	2.567040593
2.447458977	3.184424571
1.64385619	3.491853096
2.611434712	1.473931188
0.509896686	0.050465068
0.914424268	1.203930885
1.678071905	2.485426827
1.321928095	1.64385619
-1.951090398	-2.951090398
-2.33390074	1.081136762
-2.135452785	-2.550490282
-2.680886922	-1.095924421
0.779193829	0.538185731
1.051399152	0.729471058
0.234465253	1.819427754
1.439285046	1.024247546
4.196397213	3.906890596
4.807354922	5.169925001
0.061400545	0.283792966
1.099535674	0.836501268
2.311944006	1.601450624
-0.23878686	-0.975752455
-1.148391838	0.588573754
-1.485426828	-1.807354921
0.707218251	1.707218251
-0.117695043	0.882304957
3.762500686	2.099535674
3.009337865	2.514573173
0.711430502	2.658963082
-0.693765711	0.684745911
3.381870635	3.043068722
1.76497997	-0.350497248
-0.364572433	0.400962315
-1.192194167	-0.706767338
2.49410907	2.172180976
0.836501268	2.602036014
3.956278623	3.715270523
1.310700839	1.770132458
0.640104055	1.377069649
2.514573173	2.640104055
0.08246216	-0.50250034
1.730966854	1.801356181
-0.580145485	-0.902073579
-0.5849625	-0.070389328
2.033683126	2.14059833
4.669851398	5.032421478
1.447458977	2.321928095
4.263034406	5.070389328
2.819427754	2.234465254
4.099535673	5.684498174
5.137503524	5.5360529
0.051399152	1.051399152
0.875671865	0.55374377
0.638933512	-0.553711566
0.577766999	1.255838904
3.480625841	3.703018262
1.5334322	4.340787122
-3.015247773	-3.752213364
2.707218251	2.794681092
1.499926397	0.692571475
2.763932642	3.10496956
4.927649156	5.120294234
-1.020146572	-1.698218478
-0.861293728	-0.44625623
1.929610672	-0.070389328
1.152003093	2.374395515
-1.375734538	-1.697662632
2.217591435	1.89566334
-1.223863807	-0.861293728
0.686339521	3.493694444
2.217591435	2.480625841
4.519867472	5.948710771
2.152003093	2.666576266
0.89566334	2.355094959
1.580461109	1.039892727
5.621488377	6.265344566
-1.341985746	0.242976754
0.036525877	0.451563376
1.330973234	1.915935735
1.415037499	2.192645078
1.49410907	1.172180976
0.423074818	0.838112317
4.929610672	5.573466862
-1.296457407	-1.42198829
0.385743192	-1.314696527
1.906890596	2.781359714
-0.970853653	-0.485426828
2.362570079	3.099535673
-2.72246602	-2.400537933
2.577766999	2.063193827
3.931468618	3.85129827
1.012786155	0.384754932
-0.773996324	0.074000582
4.5334322	4.395928676
0.906890596	3.491853096
5.380821784	5.152003094
0.906890596	3.409390936
2.01010059	1.168798336
-0.519374158	-0.403896943
1.59946207	0.862496476
0.489038081	1.074000582
2.364632546	1.705669464
0.125530882	0.540568382
2.707218251	0.707218251
-1.350497246	-1.935459751
3.395928676	3.658963082
0.250465732	0.572393828
-0.705363596	-1.174848881
0.524915117	-0.212050476
2.567040593	3.267480311
-0.065473838	0.934526163
1.888968688	1.374395515
2.138706271	2.946061193
0.013175389	0.138706271
0.770753907	0.185791407
0.337034988	0.752072486
1.789433014	1.304006187
3.7744403	4.466318004
2.182376742	-1.232660756
2.952694285	3.367731785
2.621488377	1.206450878
-0.425305835	-0.232660756
1.514573173	0.929610672
0.985644707	1.248679113
2.599462071	5.032421478
0.404769164	-0.080657663
0.027307346	-0.387730154
1.89566334	3.217591435
0.268816758	-0.468148836
4.216575095	1.631612594
0.924711873	0.117356951
-0.765534747	-0.350497248
-2.366905005	-1.62993941
-0.137503524	-1.137503522
-1.070389328	0.04508789
1.836501268	1.321928095
-0.932313193	-0.195347599
3.862496477	5.562936194
1.840801405	2.715270523
-1.153805337	-0.153805337
3.564498399	2.172180976
1.451563375	1.621488377
3.63911827	4.298081353
1.44278249	0.957355663
1.076923977	1.698412353
-2.686100278	-1.908492701
0.344648172	-0.070389328
0.544320516	1.64385619
-1.298658316	1.286304185
1.584962501	2.321928095
-1.722466025	-2.044394122
0.873467594	-0.126532406
-1.268035089	0.316927413
0.830074999	0.152003093
1.952694285	3.537656786
3.455194626	4.22571278
4.473931188	4.152003094
1.489038081	1.810966176
3.051074185	2.527512229
-0.031708859	-0.616671361
1.621488377	2.358453971
0.093109405	1.180572246
-2.54432052	-2.129283014
-1.078951342	0.242976754
2.460634366	1.361098692
2.923378718	3.785875195
2.061400544	1.724365557
-1.476813697	-0.061776198
1.389946518	0.601450623
-1.520422249	-1.935459751
2.478653599	2.850622376
-1.348137973	-0.232660756
2.633872101	2.4639471
1.321928095	1.736965594
-0.760812337	0.069262663
1.937264245	3.015266757
2.447458977	1.59946207
2.108148804	2.260151897
3.959358016	4.736965594
-0.233840875	-0.179393092
1.419854515	1.74178261
5.321928095	5.64385619
-1.137503522	-2.307428525
2.208586622	2.315501826
0.403064858	2.261045853
-0.312277924	0.102759574
2.142019005	0.949373927
1.024247546	0.76121314
0.750771394	-0.291048783
1.334867151	0.112474729
-4.655828849	-3.918863248
-2.408258963	-1.408258967
5.099535674	4.974004792
0.344648172	1.666576266
0.621488376	1.495957495
-0.744161096	1.478231326
3.166649869	2.292180752
-0.378511624	0.0
4.584962501	5.0
-0.906890597	-0.129283017
-0.144046369	-0.465974465
2.0489096	1.0489096
-0.459431619	0.277533975
6.628854026	6.546096141
-0.95729555	-0.54225805
-1.58094944	-0.843983844
3.736965594	4.017073513
1.288505094	2.747936712
3.473931188	4.058893689
-0.88752527	0.112474729
2.752072487	3.037474705
4.428843299	2.206450877
2.609730406	1.57870351
-1.345774837	-0.345774837
3.866248611	3.380821784
-0.209453365	1.434402824
0.169925001	-0.678071905
2.976153258	-0.023846743
0.271302022	-0.9510904
-0.895856545	-1.118248967
4.874469118	4.415037499
-2.317593508	-1.832166675
4.360402243	4.69743723
0.367731785	1.952694285
6.473931188	4.736965594
0.086711634	1.501749132
-1.709290634	-0.861293728
1.347923303	0.540568382
0.469485284	0.691877704
-0.632268216	0.030696797
0.137052751	-0.277984747
0.910114497	0.687722075
0.991011217	0.312939312
2.480625841	2.703018262
0.253882707	0.701341684
2.678071905	2.815575429
0.647328381	0.406320282
2.310700839	4.193343889
5.141355849	4.934904972
-0.111031312	1.374395515
-0.566815155	-1.981852653
0.798366139	3.120294234
2.074000582	1.948469699
2.589211974	1.501749132
2.161463423	2.658963082
2.535331733	2.213403638
0.112474729	0.69743723
1.621488377	3.791413379
0.234465253	1.234465253
-0.132028393	-1.132028395
1.4965016	1.99400126
2.152003093	2.611434712
-0.21501289	-0.700439719
0.367731785	1.019808481
-0.977279923	-0.169925001
-2.300123727	-1.978195627
-0.627606838	0.050465068
-2.981852659	-2.566815157
-0.798650852	-1.461615866
3.537656786	4.175086707
-1.41953889	0.487351704
1.44888527	-1.074676687
0.657607803	0.937715722
2.340075442	2.603109847
5.353636955	5.979822118
-2.117325639	-0.643394452
1.170618772	2.170618772
-1.121015401	1.914608509
2.354108501	2.658963082
2.477578965	2.018147347
4.906890596	5.087462841
-1.587964987	-1.128533371
1.263034406	0.678071905
1.340075442	3.105610188
0.572989859	0.403064858
2.201633861	2.485426827
3.473931188	2.888968688
1.246639968	1.346175641
-0.752748592	0.095248315
1.862496476	1.055141554
2.241008099	3.2410081
-1.726831215	-1.048759311
-2.153805337	-0.694373718
-1.185866544	0.328706627
0.96437609	0.379413589
0.255838905	1.425763906
2.847996907	2.678071905
3.039892727	2.039892727
-0.367371066	-1.10433666
1.362570079	1.0
0.178970141	0.915935735
0.678071905	2.137503524
0.531851165	-0.468148836
0.431157165	1.168122759
1.064540252	0.649502753
-0.83457639	0.580461109
1.719892081	2.08246216
3.800390974	4.431157165
-2.421223299	-2.836260801
2.736965594	2.058893689
-0.485426828	-1.584962502
0.475044809	0.627047902
2.242976754	1.242976753
5.807354922	5.678071905
1.605721061	2.498805857
7.004737919	7.161463422
3.633872101	3.4639471
2.246639968	2.898716664
0.192645078	2.514573173
2.036525876	2.358453971
2.058893689	1.544320516
-0.640003864	1.09696173
2.871266686	4.286304185
2.877143252	1.707218251
-0.378511624	0.273565074
-2.440952195	-2.762880294
-0.350497248	-0.028569152
1.798366139	1.213403638
0.80285353	0.995498607
3.294447359	2.763932642
0.138706271	0.290709364
1.49410907	2.49410907
-0.582288367	-0.292781749
0.822082208	1.144010302
5.736965594	4.321928095
1.646363046	1.283792966
5.321928095	6.302819272
1.310700839	0.632628934
-0.666756592	-0.344828497
1.132103536	1.454031631
1.234465253	1.064540252
0.367731785	1.68965988
4.321928095	5.0
1.621488377	1.13606155
0.711430502	0.074000582
3.222392421	4.222392422
1.104697378	2.870232125
-1.893362211	-2.215290307
2.0489096	2.200912694
3.321928095	4.206450877
1.297543936	0.64546724
3.196397213	3.26052755
5.263034406	5.5360529
-0.44890095	-1.185866544
-0.590961241	-0.269033146
1.277533975	0.277533975
4.287162676	5.038135129
0.363085419	-0.151487754
-1.452858963	-1.867896463
3.556393348	4.556393348
3.579996248	3.42245497
0.692571475	1.692571475
0.295128036	1.295128036
-1.343407822	-1.758445324
0.604251672	0.411606594
-0.655351828	2.40354186
1.461023704	1.695488958
0.006023787	-0.993976213
1.621488377	1.469485283
0.678071905	1.678071905
0.120294234	1.120294233
-0.776103988	-1.039138394
4.321928095	3.862496477
1.567040593	0.304006187
-2.617651121	1.359628804
3.652375422	4.223331065
1.4639471	2.271302022
2.299560282	2.823122238
1.190854022	0.574182662
1.321928095	2.129283017
-1.908812905	-0.323850406
0.158181668	-1.220329956
0.635427567	1.805352569
0.584962501	1.0
1.218762295	2.096278289
-1.096861538	-1.681824039
1.747936712	-0.711494906
-1.58094944	-1.16591194
-0.40599236	0.59400764
-1.659924559	-0.811927652
0.472262368	-0.527737633
-0.402098443	0.790546635
-1.049630769	0.087872756
0.35614381	1.604071324
-1.388386373	-1.025816291
-1.089347487	-0.558832769
2.04508789	1.344648172
-1.142957953	-0.727920454
-1.121015401	-0.536052901
0.911406077	-0.410522018
0.223896012	-0.454175894
-2.492921364	-0.554321908
1.219653059	0.516046063
1.027307346	0.612269846
0.007613184	-0.539874611
1.138706271	3.254183488
1.658963082	-0.14839184
-1.526694844	-1.941732343
3.781359714	3.64385619
-0.042644338	-0.364572433
2.906890596	4.64385619
2.952694285	1.367731784
1.340075442	0.603109848
2.847996907	3.925999419
2.288207477	1.471071534
2.303069068	2.142604396
6.906890596	7.64385619
1.777607579	3.36257008
3.131244533	2.607682577
-1.004501391	-0.682573296
1.531851164	3.194816177
0.069262663	-0.930737337
1.833641614	1.663716612
3.814968106	4.736965594
-0.316145743	0.361926163
-1.424026284	2.77237093
3.489038081	1.810966176
2.352301744	2.674229839
-1.333423733	-2.070389328
0.993457154	0.118988037
1.374395515	0.888968688
-0.993976213	0.590986289
-0.756413357	0.343122317
5.882643049	4.700439718
-0.307428525	1.59946207
3.627341103	1.838845208
2.175086706	2.689659879
5.321928095	5.906890596
-0.685566442	-1.685566442
-0.996991251	0.941608205
1.669851398	2.447458977
-1.109917693	-0.109917692
1.736965594	1.0
1.530829064	2.233443153
-0.974529314	-0.711494906
-2.237257774	-1.974223364
-2.724286458	-1.309248962
1.292180752	2.029146346
1.819427754	1.649502753
-1.790076928	-1.37503943
0.197806783	1.657238402
0.415037499	0.093109405
1.571156701	-0.544320516
3.549338591	2.549338591
-0.336283388	-0.528928466
2.099535674	1.974004792
-0.961417539	-0.224451944
0.277533975	1.377069649
2.59400764	2.915935735
-1.220329956	-1.957295547
1.489038081	3.296393003
0.701341684	1.379413589
-0.050626074	0.4639471
1.231730286	-0.722466025
1.41814341	2.296837114
0.202987023	1.372912024
0.147002412	0.468930507
1.007231569	-0.729734026
-1.10433666	0.480625841
4.814444347	4.119298928
2.495957495	-0.378511624
0.57678857	0.439285045
1.49410907	1.631612594
1.702031804	0.614568962
3.077305726	2.013175389
1.474538511	-1.984893107
0.394573397	-0.090853431
2.430304256	2.641808361
2.302028537	1.132103536
1.736965594	4.058893689
2.584962501	5.459431619
3.038994132	3.524420959
-2.849248705	-2.04189378
2.425763906	1.840801405
-2.399171092	-3.136136686
7.215012891	7.872125178
0.757143476	1.49410907
-0.604071323	-0.92599942
2.954418966	2.591848886
0.998361504	0.96519464
6.187385972	6.248967294
2.736965594	4.152003094
-2.478971808	-1.671616884
2.704544117	4.026472212
-1.185866544	-0.070389328
-2.023846744	-1.023846741
2.827163403	4.122619287
0.675189396	0.05370102
5.321928095	6.129283017
-0.707819248	-0.292781749
3.658963082	4.321928095
4.084888898	3.277533976
-0.760220947	0.409704055
-0.15560533	0.674469668
2.395928676	2.337034987
2.182376742	-0.232660756
1.055141554	2.055141554
3.736965594	5.321928095
5.370837695	4.551409941
-0.333423733	0.344648172
1.283792966	1.646363046
0.121501005	-0.409013712
-0.954196311	0.853158612
-0.230854	-1.510961919
5.447458977	3.084888898
3.380821784	3.824428436
-1.536052901	-1.951090398
1.065095028	-0.022367812
0.549338591	-0.03562391
-1.734559095	-0.582556002
0.036525877	0.621488376
1.635427568	0.957355663
-1.740567832	-0.15560533
-0.026800059	1.780554863
-0.478971806	-0.157043709
4.215012891	5.099535674
-0.99276843	-0.144771524
1.621488377	1.843880798
2.678071905	2.263034406
0.476438044	1.120294233
-0.992250501	-0.629680421
-0.300611863	-1.885574362
1.567040593	1.888968688
3.4639471	3.923378718
-2.04001568	-1.232660756
0.544320516	0.736965594
6.196397213	7.089482009
0.086711634	0.823677227
-0.159198595	0.255838905
0.831962108	1.13681669
-0.14839184	-1.318316842
-0.5849625	-1.0
-1.153805337	0.546634382
3.0489096	4.164386818
0.549338591	-0.03562391
1.120294233	0.60572106
0.424687669	0.272684576
2.055141554	1.055141554
2.178970141	1.915935735
2.514573173	3.736965594
2.328622747	0.89566334
-0.266786541	0.433653178
-1.357552006	-0.187627004
4.473931188	5.152003094
2.785875195	0.4639471
0.399095956	-0.44890095
3.736965594	3.099535673
1.514573173	1.929610672
1.688602572	1.984058456
1.884522782	2.299560282
0.610433188	0.288505094
-0.132028393	0.604937201
0.380480277	0.621488376
-0.286224033	-1.134220939
1.683327631	2.031250934
2.850622376	0.976153258
-0.892391025	-1.307428525
-1.375734538	-1.527737633
3.321928095	4.437405313
1.401362562	2.053439259
0.468098743	0.205064337
-1.326729082	-0.911691581
0.480625841	0.89566334
-0.023846743	1.198545679
-2.815916939	-1.230954435
-0.64385619	-1.058893689
-0.983880333	-3.15380533
2.337034987	1.752072487
-0.837943243	0.2495196
0.299560282	0.884522782
-1.399171095	-0.591816172
-0.672425343	-0.350497248
1.125530882	0.125530882
-1.851332617	-1.628940198
0.255838905	0.577766999
-2.215290307	-1.215290307
1.0	2.584962501
3.074000582	1.074000582
0.277533975	0.055141554
2.915935735	3.294447359
0.722015253	1.529370175
1.395928676	2.395928676
2.234465254	4.234465254
2.00904514	5.770596372
1.089906972	0.752871985
2.599462071	3.277533976
-0.112700133	1.472262368
1.915935735	2.178970141
-0.087462841	1.13492958
2.321928095	2.781359714
6.466318004	6.074000581
1.976153258	2.198545679
4.251538767	3.251538767
4.024247546	3.139724764
-1.602884409	-2.017921909
1.862496476	2.225066556
-0.568842836	0.168122759
-0.592955292	1.728972803
2.286304185	2.771731012
0.961446759	1.183839181
1.929610672	3.514573173
0.00723157	-0.314696525
0.854322545	0.591288139
1.074000582	0.199531464
2.026472211	1.888968688
1.294447359	-1.821029859
-0.479690458	0.050824259
-1.289834465	-0.441837559
0.521028194	0.105990696
5.86941589	4.86941589
0.612269846	0.727747064
1.405451451	1.990413951
0.245112498	-0.169925001
3.64385619	3.491853096
0.024247547	-0.145677456
1.678071905	2.137503524
2.389042291	1.929610672
0.242976754	0.380480277
1.684498174	2.099535674
1.641808361	1.989731665
-0.25009535	-0.735522176
-0.311067102	-0.808566761
0.263034406	0.0
1.234465253	1.064540252
2.224317298	0.902389204
3.321928095	2.473931188
1.514573173	2.099535674
-1.091699835	-0.769771739
1.621488377	2.299560282
-1.336283388	-0.921245889
-2.48327836	-1.48327836
1.17577126	1.410236513
-0.847996905	-0.017921908
-0.03562391	0.32694617
0.649502753	1.234465253
1.321928095	2.058893689
1.64385619	0.321928095
6.001897035	4.538668848
1.367731784	0.952694285
-2.068957374	-2.653919869
0.260151897	-0.061776198
0.329461768	1.551854189
-0.573821944	-1.466906739
-2.253611154	-1.668648653
-0.422233	-0.744161096
2.943416472	3.621488377
-0.08282643	0.545204792
-1.687060689	-0.201633862
-0.693022247	0.306977753
5.791413378	5.376375879
-0.693022247	2.422454971
1.311944006	0.4639471
1.383328639	3.190683562
3.347923303	3.540568382
-0.508146904	-2.093109404
0.333243408	2.14059833
1.894066555	2.671674134
0.658963082	1.074000582
0.268816758	1.531851164
1.59946207	1.277533975
0.906890596	-0.678071905
2.749038427	0.597035333
-1.153805337	0.305626282
1.074000582	5.098832435
0.168122759	-0.831877241
2.729660794	4.705661474
-0.064652958	-0.64961546
3.812914447	2.434402824
0.277533975	0.692571475
4.415037499	5.222392421
2.383328639	3.120294234
2.377069649	3.755581273
2.874469118	2.273018494
0.391190758	0.613583179
0.752072486	1.074000582
1.669851398	1.447458977
3.387023123	3.0
4.178970141	4.23786383
1.403064858	0.724992953
1.64385619	0.906890596
4.836501268	4.099535673
1.104697378	1.590124206
5.0	4.415037499
-0.10433666	0.480625841
-0.496425827	0.018147347
3.42245497	2.306977753
5.971020933	5.906890596
-0.963474123	-0.226508529
-0.155051724	0.231971398
3.834812918	3.296393003
1.0	1.415037499
2.556393348	1.649502753
0.976153258	0.613583179
-1.206851572	-1.791814072
0.473931188	0.736965594
0.022720077	0.344648172
0.514573173	-0.163498732
-0.007195501	1.758339245
2.55374377	2.460634366
1.577766999	0.840801405
-0.942179345	0.835428233
-0.169925001	0.678071905
-0.275007047	1.403064858
-0.157043709	-0.894009304
4.247927513	3.0
1.96437609	2.286304185
-2.359895944	0.514573173
1.415037499	1.0
4.0	5.459431619
1.409038759	3.538321775
-1.678071905	-0.35614381
1.341036918	-0.321928095
0.451563376	1.258918297
0.192645078	-0.129283017
0.486228547	-0.683696455
3.003611253	3.539664154
-2.013462257	-1.428499759
2.434402824	1.69743723
1.900464326	2.093109405
2.152003093	2.975125331
-0.169925001	0.830074999
0.621488376	1.206450878
1.707218251	2.166649869
2.666576266	0.929610672
0.099535673	1.099535674
1.399095955	0.984058456
2.900464327	0.678071905
-1.81506302	-2.230100517
4.523561956	5.0
1.099535674	1.251538767
1.152003093	2.530514717
-0.053111336	-0.638073837
1.544320516	2.196397213
-0.36923381	-0.146841389
4.263034406	2.0
2.321928095	1.584962501
0.891940254	1.181446871
3.974004791	3.099535673
-2.066089191	-1.481126691
4.105610188	4.510000443
0.952694285	2.367731785
1.914963896	1.429537069
2.383328639	3.344334508
0.943416472	0.206450878
4.106199404	3.67556505
1.562936195	1.447458977
2.169925001	3.64385619
-0.112700133	-0.527737633
1.577766999	2.255838904
-1.07610298	0.146289443
0.451563376	2.510457064
1.534025536	0.534025536
2.178970141	1.178970141
-0.144771524	1.077620897
-1.457244059	-0.135315964
5.730012834	5.708951218
1.952694285	2.537656786
3.065588342	3.355094959
0.418476583	1.611121661
4.64385619	5.022367813
-0.857980995	-0.050626074
6.083768358	6.321928095
-0.263034406	0.736965594
2.152003093	4.348400306
-2.634206015	-2.219168518
-1.498250867	-0.690895944
-0.933572639	-0.085575732
-1.228818689	-0.64385619
1.710493383	1.347923303
-0.921245889	-0.599317793
2.206450877	2.791413378
-2.10991769	-0.88752527
1.724992953	1.572989859
-0.913288368	2.086711633
-0.975752455	-0.560714954
0.798366139	0.535331733
3.2410081	2.540568381
4.774440299	4.395928676
3.169925001	2.807354922
1.460125389	1.666576266
5.321928095	5.807354922
-1.331514145	0.170986197
2.830074999	1.415037499
3.432111012	3.344648172
0.715270523	-0.159198595
-1.924099887	-1.438673058
-0.207892851	0.055141554
-0.247927514	0.337034988
0.884522782	1.299560282
1.415037499	2.222392421
2.041820176	1.556393349
1.415037499	1.900464326
1.152003093	1.888968688
1.929610672	2.63005039
-0.841302254	0.743660247
1.560376863	1.808304376
-0.264801333	-1.352264172
1.165423609	2.165423609
4.234465254	5.693896872
1.415037499	2.874469118
1.292180752	1.029146346
1.13606155	2.984058456
-1.24031433	-0.918386235
4.395928676	5.012600037
2.172180976	4.664034072
1.75038611	0.165423609
2.755581272	2.055141554
1.827163403	1.537656786
2.812914447	2.919829651
2.939458458	2.591535155
-2.235216459	-0.235216462
-1.422905742	-1.100977648
2.138706271	1.55374377
5.321928095	5.462790631
0.870716983	0.330148602
0.722015253	1.043943348
0.036525877	-1.078951342
0.933910809	0.393342428
0.976153258	0.391190758
-0.709290636	0.138706271
2.152003093	1.152003093
4.700439718	5.523561956
-0.553711566	-0.361066488
4.28445339	3.495957494
-1.827819024	-2.149747117
-0.193771743	0.391190758
2.268816758	2.647328382
0.030373649	0.445411149
0.603109848	1.018147347
2.099535674	2.836501268
0.556393348	0.819427754
-0.786596362	-0.497089744
1.374395515	0.152003093
-1.620586411	-0.161154792
2.501749132	2.408639728
5.267480311	4.473931188
6.700439718	6.321928095
3.64385619	3.321928095
4.130985312	5.0029777
1.196397213	0.736965594
4.321928095	4.617383979
1.435429288	0.887941493
2.862496476	2.780034316
2.074000582	1.658963082
-1.178803154	-0.889296535
-1.969626351	-0.554588851
2.686339521	3.0489096
0.381090167	0.743660247
1.878009476	0.790546635
0.872366721	0.942756048
-2.845991775	-1.997994865
0.476438044	-0.353636954
0.305413008	-0.942514506
-1.543805174	-0.63691458
2.415037499	2.043068722
-0.277984747	1.969942766
-2.004501391	-1.004501391
1.489038081	1.074000582
2.062060968	1.621488377
1.340075442	0.603109848
3.760049208	3.455194626
-0.975752455	-0.560714954
-2.177917793	0.992007209
-1.584962502	-2.0
3.657894023	4.530514717
0.687722075	-0.312277924
0.878984599	-1.705977902
3.674229839	0.352301744
2.621488377	1.621488377
5.432959407	4.0
1.650550842	1.217591435
3.4150375	4.415037499
2.043943348	-0.277984747
-1.523561956	-2.108524457
-0.968090751	1.279836761
0.280900827	0.487351704
0.272684576	-0.089885504
0.01449957	0.277533975
0.717066036	2.302028537
0.213403638	1.672835257
2.074000582	1.658963082
2.311358853	2.223896012
2.367731785	1.952694285
0.49749966	0.912537159
1.0489096	0.4639471
1.447458977	3.669851399
-1.749534265	0.498393246
-1.219168522	-1.411813599
4.584962501	4.440572591
1.043943348	2.181446871
1.0489096	1.785875195
-0.416164165	-1.09423607
1.383328639	2.257797758
0.763932642	-0.821029859
-0.876341531	-1.683696453
0.399095956	1.13606155
1.621488377	2.258918297
-0.479690458	-2.064652957
0.929610672	2.152003093
0.929610672	1.099535674
1.837659594	1.384293976
-0.981852653	-1.303780749
0.825502269	0.340075442
1.427110331	-0.572889667
0.604937201	1.090364028
0.952694285	1.68965988
1.846194664	1.168122759
4.026472212	3.654503434
3.192645078	3.652076696
0.478949263	0.616452787
-0.934112064	-1.41953889
0.994461817	0.753453717
1.160040413	1.64546724
2.431157165	1.653549586
1.018147347	0.603109848
1.093109404	1.678071905
-0.809414445	0.190585556
-0.017921908	0.204470513
5.321928095	5.514573173
-1.648465445	-0.385431038
-1.414135531	-2.151101127
-0.616671361	1.498805857
6.129283017	4.321928095
1.0	2.765534746
2.724992953	2.403064858
1.862496476	3.277533976
0.107608973	-0.085036103
-0.655351828	-0.333423733
4.125127387	1.562191193
1.192645078	0.607682577
1.472752997	0.970252656
0.30469139	0.604251672
0.929610672	-0.207892851
-0.269033146	-2.005998738
5.772589504	4.502500341
-1.164571768	-0.427606172
2.669851398	0.862496476
6.736965595	7.64385619
1.447458977	2.184424571
1.840801405	2.715270523
-0.88752527	-1.624490866
3.850622376	2.198545679
-1.863655321	-2.349082145
0.340075442	0.105610188
1.263034406	1.604071324
2.358453971	2.843880798
1.51887331	0.103835811
-1.100977648	0.483984853
3.102482958	1.432631559
1.480625841	1.632628934
3.084888898	2.499926397
3.828708163	-1.892391028
2.64385619	1.906890596
2.798366139	3.38332864
4.048909601	2.271302022
0.178970141	1.178970141
-0.409875794	1.175086706
1.018147347	0.340075442
0.299560282	0.714597781
4.395928676	3.074000582
1.702576869	1.361539951
1.289084838	1.626119825
6.482392767	5.482392767
-0.224966365	-0.903038271
3.084888898	0.862496476
-1.345774837	-0.345774837
0.184424571	1.447458977
4.5334322	3.881355504
-1.181897643	-0.011972642
-0.295455883	0.152003093
2.355094959	2.596103058
-0.632268216	0.175086706
-1.06465296	-0.64961546
2.498805857	2.257797758
0.984058456	-0.185866546
6.932425687	6.580662363
0.987509056	0.633872101
4.321928095	3.514573173
0.420390734	-0.749534268
0.255838905	0.478231326
1.621488377	1.399095955
2.514573173	2.415037499
2.689659879	4.175086707
-0.226508529	0.258918298
1.38148494	-0.384049807
1.363858776	0.68578687
4.310700839	3.668252844
-0.767654799	-1.767654799
1.932600715	1.4965016
0.838112317	0.423074818
-1.861955363	-0.861955365
-0.008988783	0.312939312
1.514573173	2.684498174
-0.415037499	0.584962501
-0.842978832	0.157021168
2.771731012	2.96437609
-3.776981278	-1.902512153
0.747019259	0.483984853
3.483209002	3.827163403
2.399095955	0.399095956
1.029146346	0.581687368
-0.378511624	-0.056583528
3.234465254	4.693896872
-0.271208338	-0.145677456
1.200912694	2.338416218
1.49410907	0.49410907
1.036525876	0.621488376
-0.683696455	0.901266046
0.439285045	1.554762263
1.827163403	0.175086706
-1.700439717	0.521952703
-0.911691581	0.547740037
2.137503524	1.263034406
4.112474729	5.019365325
-0.359895945	1.055141554
2.567040593	4.152003094
-1.877744247	-3.100136669
1.039892727	1.165423609
1.906890596	2.321928095
-0.63762808	-1.338067797
3.929610672	3.836501268
0.69743723	-1.887525272
0.321928095	0.152003093
7.036173613	6.921840937
0.921048658	0.242976754
2.514573173	5.389042291
2.415037499	1.678071905
0.96437609	1.286304185
-1.877744247	-0.555816155
3.0	3.211504105
0.817796668	1.11735695
5.988190698	5.927649156
2.929610672	3.736965594
0.421463768	0.514573173
0.0	2.0
3.184424571	5.447458977
-1.542258052	-1.957295547
2.736965594	2.222392421
3.493408563	2.220390069
0.893084796	1.099535674
4.129283017	3.906890596
-1.191620073	-2.066089191
1.77349147	2.036525876
1.074000582	0.337034988
0.234465253	-0.881011965
3.251538767	1.251538767
-2.004501391	-1.589463892
0.59400764	1.096507981
2.087151949	1.814133454
2.428843299	0.621488376
1.681924231	-0.640003864
4.514573173	4.565199246
3.771731013	2.627341103
-1.153805337	-0.831877241
3.0489096	3.633872101
6.032421478	4.184424571
0.823677227	0.501749133
0.819427754	2.556393348
-0.990954861	-0.76856244
1.752072487	1.921997488
-0.226508529	0.258918298
2.650550842	2.419225296
-1.657640004	-0.920674411
1.545824107	1.393821013
1.272684576	0.272684576
2.211504105	2.074000582
1.21041978	-0.011972642
-1.007708094	-1.493134922
0.074000582	1.5334322
3.303069068	3.447458977
1.927068477	0.342105977
2.321928095	2.099535674
-0.675251386	-0.505326386
4.099535673	2.836501268
3.922320636	4.321928095
2.584962501	3.807354922
4.152003094	4.473931188
0.431157165	0.846194664
-1.046141782	-0.560714954
-1.941732343	-2.526694844
2.590124206	2.483209002
1.2255597	1.732519689
3.803199292	3.775184917
0.314433558	-0.685566442
0.603109848	-0.396890152
2.736965594	4.058893689
2.152003093	1.344648172
7.471675214	7.344295908
0.35614381	0.941106311
-0.613236955	-1.291308859
3.5334322	2.881355504
0.255838905	1.715270523
-0.292781749	1.12225575
2.246639968	2.024247546
-0.737995724	-1.223422549
7.063934306	6.529820947
1.717066037	1.132103536
-0.697265471	-0.504620392
4.615659298	5.537656786
0.005559526	-0.694880192
4.428843299	2.943416472
6.028196892	5.881355503
-1.608809245	-0.608809242
0.046650094	-1.827819024
4.736965594	4.874469118
-2.131342538	-2.546380037
3.321928095	2.959358016
-0.273018494	0.4639471
-1.048759311	-0.048759311
-0.415037499	1.0
0.957355663	0.220390069
2.819427754	2.49749966
5.443490075	5.75664796
1.862496476	2.277533975
4.836501268	4.321928095
-0.343407822	0.4639471
2.346175641	1.439285046
0.107608973	0.429537069
3.129283017	3.321928095
2.508146904	1.315501826
0.187803815	-1.577730932
1.321928095	2.169925001
0.157739464	1.157739463
-0.44625623	-1.031218731
0.790546635	-0.209453365
-0.599317793	-0.336283388
-0.696735749	-1.696735752
0.985644707	1.471071534
1.234465253	1.649502753
-0.963474123	0.621488376
2.109877618	2.846843212
0.89566334	2.065588342
0.86906913	1.006572654
0.255838905	-0.329123597
-1.855491441	-1.04813652
0.911644126	-1.751320887
0.671674134	-0.176322773
1.420108489	1.695742932
-2.160274828	-1.482202928
5.215012891	5.872125177
0.036525877	-0.378511624
1.099535674	1.836501268
2.407657969	2.707218251
0.621488376	1.106915204
0.872620693	-1.242856525
2.121863233	0.478007044
2.466876431	0.838845208
1.988027358	2.21041978
-0.312277924	1.102759575
-1.976363636	-2.713329227
1.819427754	3.819427754
0.791413378	0.428843299
0.577094258	-0.61555082
4.421463769	5.836501268
-0.444364171	0.333243408
0.678071905	1.526068812
-2.157852168	-1.572889667
-1.161887683	-2.161887683
2.862496476	4.184424571
-1.530712876	-2.753105299
-0.459431619	0.125530882
0.736965594	0.415037499
4.584962501	4.736965594
0.047953224	-1.067523994
0.808858513	-0.191141487
1.04476987	1.122772382
0.545824107	1.223896012
0.89566334	2.355094959
-0.326044203	0.567040592
1.618848495	0.981418574
2.549338591	1.549338591
2.246639968	1.17625064
2.689659879	5.068171503
2.125530882	3.125530882
0.125530882	1.710493383
0.0	0.415037499
2.036525876	3.495957494
1.792675027	2.581170922
-1.617651121	-2.032688621
2.846194664	1.168122759
-0.558267633	-0.295233229
-0.531901258	-0.309508835
0.241554679	-0.343407822
-1.232660756	-2.692092377
-3.160879864	-2.838951766
1.0489096	2.4639471
3.168122759	2.75308526
-0.169925001	-0.491853097
-0.273018494	-1.857980995
4.389042291	4.684498174
-2.914883387	-0.412383047
2.669851398	4.617383979
4.906890596	5.321928095
0.095860015	1.043392595
1.206450878	1.791413378
2.415037499	2.678071905
0.169281085	0.821357781
3.717856772	2.5334322
0.795068548	0.939458458
4.711874613	8.178192617
3.287439719	3.542696774
0.707218251	1.707218251
0.690272358	-0.557655155
0.188072348	-0.174497732
1.215305675	1.148191479
2.166649869	1.029146346
-0.636141226	-0.221103726
1.112474729	0.527512228
2.447458977	1.447458977
4.758660665	1.692571475
1.929610672	3.099535673
5.845490051	5.22881869
0.024247547	0.439285045
2.736965594	3.611434712
-1.156119201	-1.378511622
5.141355849	4.693896872
0.678071905	1.093109404
3.395928676	4.774440299
0.81320118	-0.274261661
1.789433014	-0.017921908
2.355716408	3.301268624
1.074000582	1.658963082
-0.821029859	-0.236067358
-0.941106312	0.736965594
0.241554679	-0.758445321
0.383328639	-1.20163386
0.692571475	1.277533975
0.04580369	0.853158612
1.255838904	1.956278623
0.186768511	-0.298658316
-0.419538892	0.039892727
-1.855989697	-3.592955295
1.041820175	0.556393348
-2.030728436	-1.615690934
2.872620694	0.757143476
4.64385619	4.824428435
-0.117183539	0.574694165
1.584962501	0.415037499
-0.032688619	-0.447726118
2.277533975	1.862496476
-1.981852653	-2.24488706
6.058893689	7.399930607
2.605721061	2.798366139
1.988944812	0.873467594
-0.040015679	1.207911835
2.980891177	2.243925583
4.514573173	5.099535674
-2.383128249	-0.16073583
0.846194664	1.168122759
2.065095028	0.678071905
-2.670538231	-1.933572637
2.399095955	2.273565073
-1.190614859	-0.927580454
2.220390069	2.44278249
-1.916476646	-0.501439145
1.836501268	2.321928095
1.192645078	0.514573173
3.152003093	2.637429921
-0.83457639	0.75038611
0.248679113	0.663716612
3.267480311	2.567040593
2.544320516	2.321928095
2.016119665	3.016119665
-1.011227255	-1.426264756
1.486738965	-0.387730154
0.031250934	0.545824107
-8.690686028	-11.19318577
3.068171503	2.367731785
3.321928095	3.184424571
-1.989139006	-2.311067102
1.646363046	2.176877762
3.798366139	3.498805857
2.434402824	2.69743723
-1.169925003	0.415037499
-2.255500732	-1.033108313
3.871266686	3.664815808
2.415037499	1.830074999
3.135227381	3.172702086
4.0	5.321928095
0.406320282	1.116813665
-0.350497248	0.649502753
3.584962501	3.906890596
4.621488377	3.206450878
-1.04001568	-0.718087583
2.952694285	2.367731785
5.729586064	4.565199246
1.358453971	3.894506871
4.428843299	3.299560282
-2.489286023	-1.226251617
0.937264245	2.290901199
-1.889473543	-2.626439135
-1.132028395	-0.132028393
0.251538766	0.514573173
4.862496476	5.032421478
-1.472487773	-1.887525272
1.499926397	2.01449957
1.610433188	0.288505094
2.074000582	0.936497058
1.498805857	1.605721061
0.415037499	1.067114196
2.489038081	2.296393003
2.785875195	1.0489096
-0.49398884	-0.686633919
-0.765534747	0.041820176
1.537656786	1.367731784
0.284106629	-1.715893371
1.68965988	1.952694285
1.051399152	-0.685566442
-0.536052901	0.048909601
6.321928095	5.169925001
1.0489096	1.164386818
1.165423609	0.165423609
6.475733431	5.906890596
2.556393348	1.819427754
2.49410907	4.953540689
4.0	3.584962501
0.929610672	1.666576266
0.744499267	2.203930886
-1.180572244	0.819427754
-0.353636954	-1.523561956
0.51154548	-0.575917361
3.562936195	4.669851398
2.967085377	3.395928676
-0.319521598	0.182978744
0.577766999	-0.159198595
1.489038081	1.810966176
3.112474729	2.69743723
1.184424571	1.447458977
0.567040592	2.267480311
3.877143252	3.166649869
3.017073513	2.453172628
0.658963082	1.074000582
-0.616671361	-0.201633862
-0.854660636	-0.439623137
0.922757001	0.185791407
-1.114367026	-2.213902701
1.952694285	1.367731784
-1.687434006	-2.272396507
1.455679484	1.958179824
3.428843299	2.206450877
2.290449863	1.787949523
2.195819326	2.665304609
0.621488376	1.943416472
3.108934371	3.234465254
5.437405312	5.392317423
1.955145764	1.166649869
-0.980634674	-0.24366908
4.439983857	2.558628353
4.192645078	1.192645078
6.097496528	6.1672055
0.520309542	-0.064652958
-0.37056287	0.62943713
0.125530882	1.710493383
-0.744161096	-0.966553517
4.092446249	3.556393348
-1.301169536	-1.108524457
0.202987023	0.662418641
3.144389909	2.452512205
2.941785386	2.498178735
3.703018262	2.480625841
1.96437609	3.423807709
2.473931188	4.239465935
0.485426827	0.0
2.631612594	3.079071571
3.628031222	3.347923303
1.68965988	0.952694285
0.309955453	-0.427010141
5.321928095	4.321928095
3.785875195	1.0489096
1.850059373	1.364632546
0.133421668	-0.773468927
1.364632546	0.45774195
0.621488376	1.036525876
-0.242856523	0.49410907
-0.106731175	0.893268825
-2.666756592	-1.081794091
2.862496476	2.125530882
3.132103536	0.717066036
0.873467594	1.288505094
-0.944858447	0.640104055
4.708951218	1.358453971
3.286304185	1.96437609
4.367731784	4.455194626
-0.149747119	0.937715722
0.960471636	0.375509135
2.358453971	2.843880798
3.676211563	2.891940254
4.347019076	5.347019076
-1.381975477	-0.797012979
0.661677467	1.554762263
-0.067744607	-0.598259323
0.132103536	0.810175442
-1.587631689	-0.233994733
2.482392767	-0.180572246
-2.489286023	-0.723751276
2.301040728	1.394150133
0.257496222	-0.635588574
2.391190757	2.850622376
-0.23878686	-0.560714954
0.415037499	0.762960803
-0.042644338	-0.364572433
1.777607579	5.684498174
2.200912694	2.338416218
0.524915117	-0.212050476
0.4639471	0.923378718
3.60572106	2.798366139
5.122619287	3.827163403
-2.558675808	-2.143638311
1.505235308	3.0
5.929610672	6.573466862
0.763932642	0.178970141
-0.641818004	-1.269849228
4.693896872	3.234465254
-1.83457639	-2.097610795
2.152003093	1.152003093
2.237039197	2.321928095
-0.312277924	0.910114497
-0.705977902	-1.705977902
-1.125155132	-1.540192629
-1.311067102	-0.503712179
1.537656786	-0.047305715
0.874469118	0.736965594
0.76121314	1.76121314
1.514573173	0.777607578
0.853158612	0.367731785
0.312299394	-1.495055529
4.092446249	3.626782677
1.321928095	0.64385619
0.321928095	1.906890596
3.0	1.830074999
1.655171503	2.50316841
2.00904514	1.816400062
-1.177917793	0.144010303
2.514573173	2.029146346
1.900464326	3.180572246
-0.744161096	0.478231326
3.887525271	4.10433666
0.877143252	2.661414561
-1.91965789	-2.50462039
2.270749371	1.63687727
1.340075442	2.603109847
-0.777858024	-0.903388906
0.906890596	1.64385619
1.915935735	2.841935154
-1.30451104	-0.819084216
1.649502753	3.649502753
2.302028537	3.038994132
3.0489096	3.633872101
5.824428436	4.152003094
3.263034406	3.616671361
-0.919657892	0.665304609
1.501749132	2.671674134
0.344648172	0.219117289
2.798366139	2.672835257
1.716207034	0.893084796
-0.436771021	-0.659163442
-0.432959407	-0.754887501
0.69743723	1.812914448
2.321928095	2.395928676
1.234465253	1.556393349
-0.536052901	3.088437965
1.166649869	-0.707819248
2.810966176	2.074000582
0.816692786	-0.137503524
0.590609064	0.49749966
3.700439718	3.459431619
2.491853096	2.906890596
-1.336283388	-0.599317793
1.873027144	1.13606155
2.717066037	3.219566377
-0.727920454	-2.727920457
4.026472212	2.152003093
0.840801405	2.255838904
1.810966176	2.074000582
1.710493383	0.862496476
-0.476813697	1.745578724
-0.485426828	0.251538766
-1.520422249	-1.935459751
0.074000582	-0.440572592
0.538185731	-0.336283388
2.383328639	2.705256734
1.736965594	2.824428435
0.434402824	1.775439742
4.94005746	5.826400678
2.723668772	2.138706271
-0.396890152	-0.174497732
1.707218251	1.292180752
-1.344828498	-0.859401671
-1.046141782	-1.783107374
4.415037499	5.078002512
4.2909012	4.522226745
3.123988717	2.036525876
-1.662965011	-1.247927512
0.637429921	1.289506617
-0.772589503	0.642447996
-1.411087227	-0.71064751
0.182376742	0.504304837
-1.066089191	-1.481126691
4.39031507	5.250137412
1.401362562	1.178970141
-0.260025656	0.00300875
4.010726407	3.648156327
3.17156536	0.449099335
3.514573173	2.836501268
3.152003093	1.830074999
0.717066036	1.717066037
0.074000582	1.395928676
0.929610672	1.929610672
-1.3305584	-1.652486496
1.508859521	-0.339137385
-2.388878336	-2.803915835
0.762960803	-0.459431619
2.871266686	2.771731012
0.421061287	1.508524128
3.180572246	3.093109404
1.535331733	2.672835257
2.026472211	0.567040592
1.96437609	1.186768511
2.178970141	1.594007641
2.286304185	0.549338591
3.352301744	1.089267338
0.808858513	-0.191141487
-1.191141489	-0.776103988
4.071949842	4.237535907
1.64385619	2.129283017
4.736965594	4.152003094
0.395137942	-0.604862057
1.549338591	2.549338591
0.0	0.0
1.884522782	1.106915204
-0.070389328	0.251538766
4.395928676	3.189477799
-0.977279923	-0.392317423
-0.389566811	1.610433188
6.196397213	5.736965594
-1.339850004	-0.53249508
1.754243586	0.946888663
0.357426776	-0.005143303
0.483209002	0.367731785
3.625934282	0.789433014
2.831180936	2.365517363
1.485426827	2.263034406
-0.303780749	0.451106754
-1.236067358	-0.821029859
0.039892727	-0.83457639
-1.839383775	-1.6467387
1.906890596	2.129283017
2.736965594	2.473931188
1.830074999	2.289506617
-0.5849625	-0.432959407
2.206450877	2.943416472
1.17625064	1.313754163
3.862496477	2.447458977
2.669851398	3.184424571
-1.28540222	0.299560282
1.635003183	1.291048782
0.168491216	0.294022098
2.26459492	0.225066556
2.979535898	3.342105977
0.862496476	2.599462071
0.162056758	1.483984853
-1.622930349	-0.485426828
